0   0
1   0
2   0
3   0
4   0
5   0
6   0
7   0
8   0
9   0
10   0
11   0
12   0
13   0
14   0
15   0
16   0
17   0
18   0
19   0
20   0
21   0
22   0
23   0
24   0
25   0
26   0
27   0
28   0
29   0
30   0
31   0
32   0
33   0
34   0
35   0
36   0
37   0
38   0
39   0
40   0
41   0
42   0
43   0
44   0
45   0
46   0
47   0
48   0
49   0
50   0
51   0
52   0
53   0
54   0
55   0
56   0
57   0
58   0
59   0
60   0
61   0
62   0
63   0
64   0
65   0
66   0
67   0
68   0
69   0
70   0
71   0
72   0
73   0
74   0
75   0
76   0
77   0
78   0
79   0
80   0
81   0
82   0
83   0
84   0
85   0
86   0
87   0
88   0
89   0
90   0
91   0
92   0
93   0
94   0
95   0
96   0
97   0
98   0
99   0
100   73
101   9284
102   32929
103   7596
104   50
105   0
106   0
107   0
108   0
109   0
110   0
111   0
112   0
113   0
114   0
115   0
116   0
117   0
118   0
119   0
120   0
121   0
122   0
123   0
124   0
125   0
126   0
127   0
128   0
129   0
130   0
131   0
132   0
133   0
134   0
135   0
136   0
137   0
138   0
139   0
140   0
141   0
142   0
143   0
144   0
145   0
146   0
147   0
148   0
149   0
150   0
151   0
152   0
153   0
154   0
155   0
156   0
157   0
158   0
159   0
160   0
161   0
162   0
163   0
164   0
165   0
166   0
167   0
168   0
169   0
170   0
171   0
172   0
173   0
174   0
175   0
176   0
177   0
178   0
179   0
180   0
181   0
182   0
183   0
184   0
185   0
186   0
187   0
188   0
189   0
190   0
191   0
192   0
193   0
194   0
195   0
196   0
197   0
198   0
199   0
200   0
201   0
202   0
203   0
204   0
205   0
206   0
207   0
208   0
209   0
210   0
211   0
212   0
213   0
214   0
215   0
216   0
217   0
218   0
219   0
220   0
221   0
222   0
223   0
224   0
225   0
226   0
227   0
228   0
229   0
230   0
231   0
232   0
233   0
234   0
235   0
236   0
237   0
238   0
239   0
240   0
241   0
242   0
243   0
244   0
245   0
246   0
247   0
248   0
249   0
250   0
251   0
252   0
253   0
254   0
255   0
256   0
257   0
258   0
259   0
260   0
261   0
262   0
263   0
264   0
265   0
266   0
267   0
268   0
269   0
270   0
271   0
272   0
273   0
274   0
275   0
276   0
277   0
278   0
279   0
280   0
281   0
282   0
283   0
284   0
285   0
286   0
287   0
288   0
289   0
290   0
291   0
292   0
293   0
294   0
295   0
296   0
297   0
298   0
299   0
300   0
301   0
302   0
303   0
304   0
305   0
306   0
307   0
308   0
309   0
310   0
311   0
312   0
313   0
314   0
315   0
316   0
317   0
318   0
319   0
320   1
321   0
322   0
323   0
324   0
325   0
326   0
327   0
328   0
329   0
330   0
331   0
332   0
333   0
334   0
335   0
336   0
337   0
338   0
339   0
340   0
341   0
342   0
343   0
344   0
345   1
346   0
347   0
348   0
349   0
350   0
351   0
352   0
353   0
354   0
355   0
356   2
357   0
358   0
359   1
360   0
361   0
362   0
363   0
364   0
365   0
366   0
367   0
368   0
369   0
370   0
371   0
372   0
373   0
374   0
375   0
376   0
377   0
378   0
379   0
380   0
381   0
382   0
383   0
384   0
385   0
386   0
387   0
388   0
389   0
390   0
391   0
392   0
393   0
394   0
395   0
396   0
397   0
398   0
399   0
400   0
401   0
402   0
403   0
404   0
405   0
406   0
407   0
408   0
409   0
410   0
411   0
412   0
413   0
414   0
415   0
416   0
417   0
418   0
419   0
420   1
421   0
422   0
423   0
424   0
425   0
426   0
427   0
428   0
429   0
430   0
431   0
432   0
433   0
434   0
435   0
436   0
437   0
438   0
439   0
440   0
441   0
442   0
443   0
444   0
445   0
446   0
447   0
448   0
449   0
450   0
451   0
452   0
453   0
454   0
455   0
456   0
457   0
458   0
459   0
460   0
461   0
462   0
463   0
464   0
465   0
466   0
467   0
468   0
469   0
470   0
471   0
472   0
473   0
474   0
475   0
476   0
477   0
478   0
479   0
480   0
481   0
482   0
483   0
484   1
485   0
486   0
487   1
488   0
489   0
490   0
491   0
492   0
493   0
494   0
495   0
496   0
497   0
498   0
499   0
500   0
501   0
502   0
503   0
504   0
505   0
506   0
507   0
508   0
509   0
510   1
511   2
512   1
513   0
514   0
515   0
516   0
517   0
518   1
519   0
520   0
521   0
522   0
523   0
524   0
525   0
526   1
527   0
528   2
529   1
530   0
531   0
532   1
533   0
534   0
535   0
536   0
537   1
538   0
539   1
540   2
541   0
542   0
543   1
544   3
545   1
546   0
547   1
548   0
549   1
550   1
551   0
552   5
553   0
554   1
555   2
556   1
557   1
558   0
559   1
560   5
561   1
562   3
563   2
564   1
565   2
566   1
567   3
568   0
569   4
570   1
571   3
572   2
573   4
574   4
575   2
576   1
577   3
578   1
579   0
580   1
581   3
582   1
583   6
584   2
585   5
586   1
587   2
588   5
589   4
590   4
591   4
592   3
593   4
594   6
595   2
596   6
597   8
598   6
599   2
600   2
601   6
602   5
603   4
604   5
605   4
606   4
607   3
608   1
609   14
610   1
611   11
612   8
613   7
614   9
615   2
616   14
617   7
618   12
619   7
620   11
621   11
622   16
623   4
624   5
625   7
626   12
627   14
628   6
629   6
630   18
631   6
632   11
633   5
634   9
635   8
636   6
637   5
638   13
639   9
640   7
641   7
642   8
643   18
644   16
645   16
646   13
647   10
648   8
649   12
650   16
651   18
652   20
653   17
654   17
655   19
656   15
657   23
658   21
659   22
660   25
661   32
662   31
663   32
664   28
665   35
666   30
667   39
668   37
669   44
670   35
671   44
672   32
673   58
674   30
675   32
676   17
677   15
678   24
679   16
680   12
681   7
682   12
683   16
684   11
685   17
686   14
687   17
688   15
689   11
690   18
691   11
692   12
693   17
694   14
695   17
696   22
697   21
698   12
699   9
700   17
701   21
702   23
703   17
704   18
705   19
706   36
707   30
708   19
709   27
710   24
711   22
712   36
713   24
714   38
715   33
716   35
717   24
718   34
719   20
720   27
721   22
722   23
723   15
724   17
725   13
726   20
727   18
728   11
729   13
730   9
731   12
732   17
733   10
734   10
735   14
736   18
737   19
738   21
739   18
740   17
741   14
742   15
743   24
744   22
745   29
746   21
747   14
748   28
749   24
750   20
751   28
752   32
753   30
754   30
755   27
756   30
757   31
758   24
759   41
760   39
761   46
762   45
763   51
764   43
765   51
766   50
767   59
768   55
769   51
770   66
771   45
772   60
773   66
774   77
775   62
776   49
777   65
778   59
779   60
780   81
781   77
782   73
783   87
784   65
785   94
786   101
787   71
788   91
789   86
790   92
791   96
792   88
793   78
794   77
795   74
796   73
797   69
798   59
799   66
800   62
801   41
802   54
803   40
804   40
805   38
806   35
807   29
808   28
809   24
810   17
811   15
812   16
813   19
814   28
815   28
816   22
817   18
818   16
819   22
820   17
821   15
822   22
823   29
824   26
825   30
826   16
827   22
828   10
829   20
830   23
831   24
832   11
833   22
834   17
835   22
836   16
837   25
838   20
839   21
840   27
841   24
842   24
843   18
844   19
845   17
846   17
847   24
848   10
849   20
850   23
851   26
852   10
853   28
854   25
855   26
856   32
857   14
858   18
859   16
860   25
861   22
862   26
863   30
864   26
865   18
866   21
867   14
868   29
869   16
870   21
871   27
872   26
873   27
874   34
875   14
876   30
877   31
878   42
879   34
880   28
881   28
882   26
883   21
884   37
885   24
886   22
887   31
888   37
889   47
890   32
891   34
892   30
893   52
894   49
895   32
896   37
897   41
898   52
899   55
900   48
901   44
902   55
903   52
904   47
905   59
906   54
907   50
908   49
909   64
910   58
911   56
912   55
913   69
914   72
915   40
916   76
917   64
918   62
919   69
920   69
921   63
922   49
923   52
924   56
925   58
926   47
927   52
928   55
929   69
930   64
931   69
932   56
933   69
934   80
935   64
936   60
937   56
938   86
939   66
940   89
941   86
942   85
943   106
944   100
945   86
946   93
947   98
948   121
949   99
950   125
951   116
952   121
953   161
954   133
955   141
956   160
957   146
958   148
959   186
960   173
961   196
962   176
963   217
964   215
965   218
966   267
967   223
968   269
969   285
970   294
971   324
972   335
973   355
974   353
975   413
976   398
977   428
978   495
979   513
980   547
981   569
982   600
983   639
984   681
985   710
986   708
987   715
988   696
989   680
990   694
991   610
992   606
993   575
994   544
995   480
996   473
997   465
998   417
999   408
1000   357
1001   310
1002   287
1003   278
1004   233
1005   241
1006   207
1007   169
1008   160
1009   183
1010   128
1011   125
1012   110
1013   101
1014   79
1015   110
1016   90
1017   83
1018   58
1019   62
1020   57
1021   52
1022   44
1023   47
1024   43
1025   53
1026   46
1027   43
1028   36
1029   40
1030   31
1031   37
1032   28
1033   37
1034   33
1035   22
1036   25
1037   21
1038   18
1039   21
1040   15
1041   24
1042   28
1043   19
1044   19
1045   17
1046   22
1047   8
1048   15
1049   18
1050   13
1051   16
1052   17
1053   10
1054   20
1055   14
1056   15
1057   15
1058   18
1059   15
1060   15
1061   16
1062   9
1063   12
1064   9
1065   11
1066   7
1067   20
1068   12
1069   7
1070   10
1071   3
1072   7
1073   5
1074   7
1075   7
1076   6
1077   4
1078   10
1079   9
1080   6
1081   9
1082   7
1083   4
1084   7
1085   9
1086   4
1087   6
1088   4
1089   13
1090   15
1091   11
1092   14
1093   3
1094   12
1095   18
1096   11
1097   10
1098   3
1099   7
1100   11
1101   8
1102   9
1103   9
1104   4
1105   3
1106   0
1107   3
1108   1
1109   4
1110   0
1111   2
1112   1
1113   3
1114   2
1115   3
1116   3
1117   2
1118   1
1119   3
1120   0
1121   1
1122   4
1123   2
1124   5
1125   1
1126   3
1127   1
1128   1
1129   4
1130   2
1131   4
1132   2
1133   1
1134   5
1135   2
1136   2
1137   6
1138   5
1139   3
1140   1
1141   2
1142   1
1143   4
1144   3
1145   4
1146   5
1147   7
1148   1
1149   8
1150   1
1151   4
1152   1
1153   0
1154   2
1155   1
1156   1
1157   4
1158   0
1159   2
1160   1
1161   0
1162   1
1163   0
1164   1
1165   0
1166   0
1167   0
1168   1
1169   3
1170   0
1171   0
1172   3
1173   1
1174   0
1175   2
1176   1
1177   1
1178   2
1179   1
1180   1
1181   1
1182   0
1183   4
1184   1
1185   1
1186   0
1187   5
1188   2
1189   1
1190   0
1191   2
1192   1
1193   1
1194   2
1195   0
1196   2
1197   1
1198   3
1199   3
1200   2
1201   1
1202   6
1203   4
1204   4
1205   1
1206   0
1207   3
1208   4
1209   2
1210   0
1211   2
1212   0
1213   5
1214   1
1215   3
1216   2
1217   1
1218   4
1219   4
1220   2
1221   2
1222   1
1223   1
1224   4
1225   4
1226   3
1227   2
1228   6
1229   0
1230   1
1231   6
1232   3
1233   8
1234   3
1235   6
1236   6
1237   4
1238   8
1239   4
1240   4
1241   7
1242   5
1243   8
1244   14
1245   7
1246   18
1247   9
1248   16
1249   14
1250   20
1251   11
1252   16
1253   14
1254   21
1255   18
1256   21
1257   19
1258   21
1259   21
1260   23
1261   16
1262   21
1263   16
1264   23
1265   29
1266   33
1267   17
1268   20
1269   19
1270   21
1271   16
1272   18
1273   6
1274   12
1275   8
1276   9
1277   1
1278   3
1279   1
1280   2
1281   1
1282   1
1283   1
1284   4
1285   3
1286   1
1287   0
1288   5
1289   5
1290   1
1291   0
1292   3
1293   5
1294   4
1295   1
1296   5
1297   5
1298   3
1299   6
1300   5
1301   7
1302   6
1303   5
1304   8
1305   6
1306   8
1307   14
1308   13
1309   10
1310   20
1311   12
1312   17
1313   16
1314   17
1315   22
1316   24
1317   21
1318   19
1319   30
1320   29
1321   24
1322   30
1323   43
1324   29
1325   35
1326   35
1327   50
1328   47
1329   65
1330   44
1331   67
1332   52
1333   54
1334   38
1335   60
1336   52
1337   48
1338   39
1339   40
1340   41
1341   30
1342   21
1343   15
1344   12
1345   9
1346   8
1347   6
1348   1
1349   7
1350   7
1351   5
1352   5
1353   3
1354   1
1355   4
1356   4
1357   5
1358   3
1359   4
1360   3
1361   3
1362   5
1363   2
1364   0
1365   5
1366   6
1367   5
1368   5
1369   8
1370   14
1371   6
1372   7
1373   7
1374   10
1375   10
1376   8
1377   11
1378   9
1379   13
1380   9
1381   10
1382   7
1383   6
1384   8
1385   7
1386   13
1387   18
1388   4
1389   20
1390   8
1391   7
1392   11
1393   21
1394   18
1395   13
1396   26
1397   27
1398   25
1399   42
1400   36
1401   59
1402   49
1403   35
1404   56
1405   62
1406   75
1407   82
1408   81
1409   85
1410   92
1411   99
1412   67
1413   86
1414   86
1415   88
1416   58
1417   62
1418   53
1419   30
1420   32
1421   29
1422   26
1423   18
1424   14
1425   14
1426   11
1427   17
1428   12
1429   11
1430   10
1431   14
1432   8
1433   6
1434   9
1435   18
1436   8
1437   11
1438   8
1439   12
1440   12
1441   7
1442   8
1443   6
1444   5
1445   9
1446   7
1447   8
1448   5
1449   6
1450   9
1451   5
1452   9
1453   11
1454   13
1455   10
1456   19
1457   13
1458   14
1459   10
1460   12
1461   7
1462   7
1463   2
1464   4
1465   6
1466   4
1467   2
1468   2
1469   3
1470   0
1471   3
1472   8
1473   4
1474   4
1475   1
1476   3
1477   2
1478   3
1479   4
1480   6
1481   7
1482   4
1483   3
1484   5
1485   5
1486   5
1487   8
1488   6
1489   8
1490   8
1491   5
1492   6
1493   10
1494   4
1495   5
1496   11
1497   9
1498   10
1499   8
1500   10
1501   6
1502   10
1503   9
1504   11
1505   11
1506   11
1507   18
1508   10
1509   13
1510   16
1511   9
1512   9
1513   4
1514   6
1515   4
1516   6
1517   3
1518   6
1519   1
1520   4
1521   1
1522   1
1523   1
1524   1
1525   1
1526   2
1527   3
1528   2
1529   2
1530   4
1531   1
1532   9
1533   3
1534   1
1535   6
1536   5
1537   6
1538   5
1539   1
1540   5
1541   4
1542   5
1543   5
1544   5
1545   1
1546   4
1547   4
1548   3
1549   5
1550   6
1551   5
1552   3
1553   5
1554   1
1555   1
1556   1
1557   1
1558   1
1559   2
1560   3
1561   3
1562   3
1563   3
1564   3
1565   3
1566   3
1567   1
1568   4
1569   2
1570   0
1571   1
1572   2
1573   3
1574   2
1575   4
1576   3
1577   2
1578   5
1579   2
1580   5
1581   3
1582   4
1583   2
1584   3
1585   5
1586   7
1587   4
1588   5
1589   4
1590   6
1591   12
1592   8
1593   4
1594   13
1595   8
1596   6
1597   5
1598   4
1599   10
1600   9
1601   10
1602   6
1603   7
1604   9
1605   8
1606   1
1607   6
1608   2
1609   5
1610   3
1611   5
1612   3
1613   1
1614   4
1615   3
1616   1
1617   1
1618   2
1619   3
1620   4
1621   1
1622   3
1623   2
1624   2
1625   5
1626   5
1627   10
1628   10
1629   3
1630   8
1631   5
1632   9
1633   5
1634   4
1635   5
1636   7
1637   1
1638   0
1639   3
1640   4
1641   6
1642   4
1643   4
1644   6
1645   2
1646   4
1647   4
1648   2
1649   1
1650   1
1651   1
1652   2
1653   5
1654   3
1655   1
1656   1
1657   3
1658   0
1659   2
1660   2
1661   2
1662   2
1663   6
1664   2
1665   3
1666   4
1667   4
1668   3
1669   8
1670   9
1671   3
1672   4
1673   7
1674   4
1675   7
1676   8
1677   11
1678   11
1679   8
1680   9
1681   10
1682   10
1683   8
1684   7
1685   10
1686   14
1687   8
1688   13
1689   13
1690   8
1691   10
1692   9
1693   11
1694   14
1695   13
1696   14
1697   6
1698   22
1699   15
1700   19
1701   27
1702   34
1703   25
1704   31
1705   36
1706   41
1707   45
1708   41
1709   50
1710   49
1711   72
1712   80
1713   96
1714   93
1715   143
1716   179
1717   192
1718   214
1719   232
1720   240
1721   266
1722   272
1723   286
1724   269
1725   206
1726   179
1727   132
1728   106
1729   81
1730   68
1731   25
1732   18
1733   20
1734   11
1735   11
1736   9
1737   7
1738   8
1739   11
1740   6
1741   8
1742   5
1743   3
1744   6
1745   6
1746   2
1747   4
1748   2
1749   5
1750   4
1751   6
1752   2
1753   2
1754   2
1755   1
1756   0
1757   1
1758   1
1759   3
1760   2
1761   0
1762   0
1763   2
1764   2
1765   2
1766   4
1767   2
1768   0
1769   0
1770   0
1771   0
1772   1
1773   0
1774   1
1775   1
1776   0
1777   0
1778   2
1779   0
1780   1
1781   0
1782   0
1783   2
1784   1
1785   0
1786   3
1787   0
1788   1
1789   0
1790   0
1791   1
1792   1
1793   0
1794   0
1795   4
1796   2
1797   2
1798   1
1799   0
1800   1
1801   1
1802   5
1803   2
1804   1
1805   2
1806   1
1807   0
1808   4
1809   2
1810   1
1811   2
1812   4
1813   2
1814   0
1815   4
1816   4
1817   8
1818   3
1819   1
1820   7
1821   3
1822   2
1823   2
1824   6
1825   7
1826   10
1827   6
1828   12
1829   10
1830   5
1831   6
1832   5
1833   17
1834   14
1835   14
1836   14
1837   17
1838   12
1839   23
1840   15
1841   25
1842   22
1843   16
1844   21
1845   27
1846   21
1847   28
1848   42
1849   32
1850   31
1851   40
1852   32
1853   28
1854   50
1855   40
1856   29
1857   27
1858   35
1859   31
1860   42
1861   31
1862   21
1863   19
1864   31
1865   25
1866   27
1867   22
1868   21
1869   27
1870   26
1871   31
1872   29
1873   33
1874   25
1875   35
1876   33
1877   31
1878   25
1879   21
1880   29
1881   22
1882   18
1883   13
1884   13
1885   8
1886   13
1887   8
1888   6
1889   8
1890   4
1891   1
1892   3
1893   3
1894   8
1895   4
1896   7
1897   3
1898   5
1899   5
1900   3
1901   2
1902   6
1903   8
1904   6
1905   4
1906   3
1907   7
1908   4
1909   3
1910   7
1911   4
1912   1
1913   3
1914   4
1915   6
1916   5
1917   7
1918   8
1919   2
1920   12
1921   8
1922   12
1923   9
1924   18
1925   17
1926   16
1927   13
1928   18
1929   20
1930   16
1931   32
1932   16
1933   25
1934   46
1935   25
1936   29
1937   46
1938   27
1939   41
1940   38
1941   62
1942   55
1943   47
1944   55
1945   56
1946   61
1947   64
1948   56
1949   63
1950   71
1951   73
1952   79
1953   72
1954   67
1955   61
1956   64
1957   37
1958   51
1959   41
1960   36
1961   28
1962   17
1963   18
1964   16
1965   10
1966   7
1967   9
1968   2
1969   2
1970   6
1971   4
1972   2
1973   5
1974   4
1975   5
1976   2
1977   3
1978   4
1979   4
1980   6
1981   6
1982   5
1983   5
1984   5
1985   4
1986   5
1987   3
1988   4
1989   8
1990   2
1991   7
1992   4
1993   9
1994   8
1995   4
1996   7
1997   3
1998   5
1999   3
2000   2
2001   1
2002   1
2003   4
2004   0
2005   2
2006   3
2007   1
2008   0
2009   4
2010   3
2011   2
2012   4
2013   0
2014   1
2015   0
2016   1
2017   1
2018   1
2019   1
2020   0
2021   0
2022   2
2023   1
2024   1
2025   1
2026   1
2027   0
2028   1
2029   0
2030   0
2031   3
2032   0
2033   0
2034   1
2035   0
2036   0
2037   4
2038   0
2039   1
2040   0
2041   0
2042   1
2043   0
2044   0
2045   0
2046   1
2047   1
2048   0
2049   0
2050   0
2051   0
2052   0
2053   1
2054   0
2055   0
2056   0
2057   1
2058   1
2059   0
2060   1
2061   0
2062   0
2063   1
2064   0
2065   1
2066   1
2067   2
2068   2
2069   1
2070   0
2071   0
2072   0
2073   1
2074   0
2075   1
2076   2
2077   2
2078   0
2079   2
2080   6
2081   0
2082   3
2083   0
2084   1
2085   1
2086   3
2087   5
2088   4
2089   0
2090   4
2091   3
2092   1
2093   2
2094   1
2095   1
2096   2
2097   2
2098   4
2099   5
2100   2
2101   5
2102   6
2103   2
2104   3
2105   1
2106   1
2107   3
2108   2
2109   3
2110   4
2111   4
2112   2
2113   2
2114   2
2115   0
2116   1
2117   3
2118   1
2119   2
2120   3
2121   2
2122   3
2123   0
2124   1
2125   2
2126   4
2127   2
2128   3
2129   1
2130   0
2131   1
2132   0
2133   6
2134   0
2135   1
2136   0
2137   0
2138   0
2139   0
2140   0
2141   4
2142   2
2143   0
2144   2
2145   1
2146   0
2147   1
2148   1
2149   0
2150   2
2151   2
2152   2
2153   1
2154   2
2155   2
2156   2
2157   1
2158   1
2159   1
2160   2
2161   3
2162   4
2163   1
2164   3
2165   0
2166   3
2167   2
2168   9
2169   3
2170   5
2171   6
2172   3
2173   9
2174   6
2175   6
2176   7
2177   6
2178   15
2179   11
2180   7
2181   16
2182   13
2183   14
2184   15
2185   17
2186   15
2187   15
2188   24
2189   21
2190   29
2191   21
2192   24
2193   26
2194   29
2195   33
2196   24
2197   34
2198   36
2199   32
2200   28
2201   38
2202   30
2203   20
2204   17
2205   28
2206   5
2207   11
2208   7
2209   8
2210   3
2211   3
2212   2
2213   3
2214   2
2215   1
2216   1
2217   3
2218   0
2219   1
2220   1
2221   4
2222   1
2223   0
2224   2
2225   0
2226   0
2227   0
2228   1
2229   0
2230   0
2231   1
2232   0
2233   0
2234   0
2235   1
2236   1
2237   0
2238   0
2239   1
2240   1
2241   2
2242   0
2243   1
2244   1
2245   1
2246   1
2247   0
2248   0
2249   0
2250   0
2251   0
2252   0
2253   0
2254   2
2255   1
2256   0
2257   2
2258   5
2259   2
2260   0
2261   1
2262   0
2263   1
2264   0
2265   1
2266   3
2267   2
2268   1
2269   4
2270   3
2271   4
2272   1
2273   5
2274   5
2275   3
2276   4
2277   9
2278   9
2279   3
2280   5
2281   7
2282   9
2283   1
2284   9
2285   10
2286   15
2287   13
2288   15
2289   13
2290   15
2291   16
2292   14
2293   22
2294   18
2295   20
2296   20
2297   24
2298   33
2299   24
2300   34
2301   23
2302   42
2303   42
2304   31
2305   31
2306   25
2307   24
2308   16
2309   13
2310   14
2311   2
2312   2
2313   4
2314   4
2315   1
2316   0
2317   3
2318   1
2319   2
2320   0
2321   2
2322   2
2323   1
2324   4
2325   0
2326   4
2327   1
2328   2
2329   0
2330   2
2331   1
2332   1
2333   1
2334   3
2335   2
2336   1
2337   0
2338   1
2339   1
2340   3
2341   1
2342   7
2343   0
2344   2
2345   1
2346   6
2347   2
2348   2
2349   3
2350   4
2351   5
2352   8
2353   6
2354   7
2355   4
2356   4
2357   13
2358   9
2359   6
2360   13
2361   17
2362   18
2363   31
2364   27
2365   41
2366   31
2367   23
2368   17
2369   19
2370   22
2371   10
2372   8
2373   9
2374   5
2375   3
2376   3
2377   2
2378   2
2379   3
2380   3
2381   3
2382   2
2383   3
2384   4
2385   6
2386   3
2387   5
2388   2
2389   4
2390   4
2391   4
2392   7
2393   10
2394   5
2395   10
2396   7
2397   6
2398   14
2399   15
2400   8
2401   11
2402   10
2403   14
2404   10
2405   19
2406   13
2407   11
2408   14
2409   22
2410   15
2411   20
2412   17
2413   11
2414   10
2415   14
2416   14
2417   4
2418   9
2419   13
2420   8
2421   9
2422   3
2423   12
2424   14
2425   12
2426   18
2427   19
2428   13
2429   13
2430   18
2431   22
2432   24
2433   24
2434   25
2435   31
2436   42
2437   24
2438   39
2439   47
2440   51
2441   47
2442   67
2443   63
2444   63
2445   73
2446   75
2447   129
2448   127
2449   141
2450   140
2451   173
2452   174
2453   194
2454   224
2455   191
2456   232
2457   243
2458   288
2459   282
2460   310
2461   318
2462   358
2463   360
2464   396
2465   402
2466   447
2467   477
2468   464
2469   537
2470   525
2471   594
2472   630
2473   716
2474   755
2475   884
2476   936
2477   1099
2478   1266
2479   1529
2480   1872
2481   2200
2482   2709
2483   3132
2484   3467
2485   3845
2486   3865
2487   3741
2488   3479
2489   3142
2490   2692
2491   2201
2492   1631
2493   1222
2494   848
2495   585
2496   378
2497   274
2498   205
2499   164
2500   120
2501   100
2502   63
2503   56
2504   58
2505   54
2506   53
2507   41
2508   44
2509   29
2510   37
2511   13
2512   19
2513   6
2514   12
2515   13
2516   4
2517   6
2518   7
2519   7
2520   3
2521   0
2522   1
2523   2
2524   6
2525   2
2526   1
2527   1
2528   1
2529   5
2530   0
2531   0
2532   3
2533   2
2534   0
2535   2
2536   1
2537   0
2538   2
2539   0
2540   0
2541   1
2542   0
2543   0
2544   0
2545   1
2546   0
2547   2
2548   0
2549   0
2550   0
2551   0
2552   1
2553   0
2554   0
2555   0
2556   0
2557   0
2558   0
2559   0
2560   0
2561   1
2562   1
2563   1
2564   0
2565   0
2566   2
2567   1
2568   0
2569   1
2570   0
2571   0
2572   0
2573   1
2574   1
2575   0
2576   0
2577   0
2578   1
2579   1
2580   0
2581   1
2582   0
2583   0
2584   0
2585   1
2586   0
2587   1
2588   0
2589   0
2590   0
2591   0
2592   1
2593   1
2594   0
2595   0
2596   0
2597   0
2598   0
2599   1
2600   1
2601   1
2602   0
2603   1
2604   0
2605   0
2606   0
2607   1
2608   0
2609   1
2610   2
2611   1
2612   1
2613   2
2614   3
2615   1
2616   1
2617   1
2618   0
2619   2
2620   1
2621   0
2622   3
2623   1
2624   0
2625   0
2626   3
2627   2
2628   3
2629   1
2630   4
2631   3
2632   1
2633   2
2634   4
2635   2
2636   4
2637   3
2638   4
2639   2
2640   6
2641   6
2642   4
2643   5
2644   7
2645   12
2646   11
2647   8
2648   12
2649   8
2650   16
2651   11
2652   21
2653   18
2654   16
2655   21
2656   18
2657   15
2658   28
2659   28
2660   26
2661   22
2662   32
2663   37
2664   51
2665   43
2666   58
2667   51
2668   54
2669   46
2670   69
2671   80
2672   60
2673   56
2674   67
2675   69
2676   62
2677   47
2678   60
2679   73
2680   61
2681   65
2682   48
2683   37
2684   33
2685   28
2686   18
2687   18
2688   6
2689   8
2690   9
2691   4
2692   8
2693   3
2694   3
2695   2
2696   1
2697   1
2698   2
2699   2
2700   2
2701   1
2702   2
2703   1
2704   0
2705   2
2706   0
2707   2
2708   2
2709   1
2710   2
2711   1
2712   1
2713   1
2714   0
2715   0
2716   1
2717   0
2718   0
2719   0
2720   0
2721   0
2722   0
2723   0
2724   1
2725   0
2726   1
2727   0
2728   0
2729   0
2730   1
2731   0
2732   0
2733   1
2734   0
2735   0
2736   1
2737   0
2738   0
2739   1
2740   0
2741   0
2742   0
2743   0
2744   0
2745   1
2746   1
2747   1
2748   1
2749   0
2750   0
2751   0
2752   2
2753   0
2754   0
2755   1
2756   0
2757   1
2758   0
2759   0
2760   1
2761   0
2762   0
2763   0
2764   0
2765   2
2766   1
2767   1
2768   0
2769   2
2770   0
2771   1
2772   0
2773   1
2774   3
2775   1
2776   1
2777   0
2778   2
2779   4
2780   2
2781   4
2782   1
2783   2
2784   2
2785   5
2786   5
2787   4
2788   3
2789   5
2790   9
2791   7
2792   6
2793   12
2794   9
2795   12
2796   11
2797   12
2798   22
2799   26
2800   37
2801   43
2802   27
2803   24
2804   13
2805   14
2806   10
2807   17
2808   5
2809   3
2810   2
2811   2
2812   7
2813   6
2814   7
2815   5
2816   3
2817   7
2818   5
2819   5
2820   5
2821   6
2822   8
2823   7
2824   9
2825   11
2826   12
2827   10
2828   9
2829   7
2830   7
2831   4
2832   6
2833   5
2834   2
2835   6
2836   4
2837   5
2838   2
2839   2
2840   1
2841   1
2842   1
2843   3
2844   2
2845   0
2846   0
2847   2
2848   1
2849   1
2850   0
2851   0
2852   0
2853   1
2854   1
2855   2
2856   1
2857   3
2858   1
2859   0
2860   0
2861   0
2862   0
2863   0
2864   0
2865   0
2866   3
2867   1
2868   2
2869   1
2870   1
2871   0
2872   5
2873   0
2874   2
2875   2
2876   1
2877   2
2878   0
2879   3
2880   2
2881   3
2882   1
2883   3
2884   3
2885   5
2886   2
2887   4
2888   8
2889   5
2890   2
2891   6
2892   5
2893   4
2894   5
2895   4
2896   9
2897   6
2898   10
2899   8
2900   5
2901   8
2902   4
2903   8
2904   6
2905   12
2906   10
2907   11
2908   19
2909   19
2910   21
2911   26
2912   22
2913   19
2914   32
2915   13
2916   17
2917   16
2918   5
2919   3
2920   4
2921   3
2922   2
2923   1
2924   0
2925   0
2926   1
2927   2
2928   0
2929   0
2930   0
2931   0
2932   1
2933   2
2934   0
2935   0
2936   0
2937   0
2938   0
2939   0
2940   0
2941   0
2942   0
2943   0
2944   0
2945   0
2946   0
2947   0
2948   0
2949   0
2950   1
2951   0
2952   0
2953   1
2954   0
2955   1
2956   0
2957   0
2958   0
2959   0
2960   0
2961   1
2962   0
2963   0
2964   0
2965   0
2966   0
2967   0
2968   0
2969   0
2970   0
2971   0
2972   0
2973   0
2974   0
2975   0
2976   0
2977   0
2978   0
2979   0
2980   0
2981   0
2982   0
2983   1
2984   0
2985   0
2986   0
2987   1
2988   0
2989   0
2990   0
2991   0
2992   0
2993   1
2994   0
2995   0
2996   0
2997   0
2998   0
2999   0
3000   0
3001   0
3002   0
3003   1
3004   0
3005   0
3006   0
3007   0
3008   1
3009   1
3010   0
3011   0
3012   0
3013   1
3014   0
3015   1
3016   1
3017   1
3018   2
3019   0
3020   1
3021   0
3022   1
3023   0
3024   1
3025   0
3026   1
3027   2
3028   1
3029   1
3030   5
3031   4
3032   1
3033   1
3034   1
3035   0
3036   0
3037   3
3038   3
3039   2
3040   5
3041   8
3042   7
3043   5
3044   7
3045   6
3046   6
3047   14
3048   8
3049   12
3050   10
3051   21
3052   13
3053   7
3054   14
3055   10
3056   9
3057   15
3058   15
3059   14
3060   7
3061   12
3062   8
3063   8
3064   9
3065   13
3066   3
3067   2
3068   6
3069   7
3070   1
3071   1
3072   1
3073   0
3074   0
3075   1
3076   1
3077   0
3078   0
3079   0
3080   0
3081   0
3082   3
3083   1
3084   0
3085   0
3086   0
3087   0
3088   2
3089   0
3090   0
3091   1
3092   1
3093   0
3094   1
3095   1
3096   0
3097   0
3098   0
3099   1
3100   0
3101   0
3102   2
3103   0
3104   0
3105   0
3106   0
3107   0
3108   2
3109   0
3110   1
3111   0
3112   0
3113   0
3114   1
3115   0
3116   0
3117   0
3118   0
3119   1
3120   1
3121   1
3122   0
3123   0
3124   1
3125   0
3126   0
3127   1
3128   0
3129   0
3130   0
3131   0
3132   0
3133   0
3134   0
3135   0
3136   0
3137   0
3138   0
3139   0
3140   0
3141   1
3142   0
3143   0
3144   0
3145   0
3146   1
3147   0
3148   0
3149   0
3150   0
3151   1
3152   0
3153   0
3154   0
3155   0
3156   0
3157   0
3158   0
3159   2
3160   0
3161   2
3162   0
3163   0
3164   0
3165   0
3166   0
3167   0
3168   1
3169   0
3170   0
3171   0
3172   1
3173   0
3174   0
3175   0
3176   0
3177   0
3178   0
3179   1
3180   1
3181   0
3182   1
3183   0
3184   0
3185   1
3186   0
3187   0
3188   1
3189   1
3190   1
3191   3
3192   0
3193   3
3194   1
3195   0
3196   0
3197   3
3198   0
3199   0
3200   0
3201   0
3202   2
3203   3
3204   0
3205   2
3206   0
3207   0
3208   1
3209   0
3210   0
3211   0
3212   0
3213   0
3214   0
3215   0
3216   1
3217   0
3218   0
3219   0
3220   0
3221   1
3222   1
3223   0
3224   0
3225   0
3226   1
3227   0
3228   0
3229   0
3230   2
3231   1
3232   0
3233   0
3234   0
3235   1
3236   0
3237   0
3238   0
3239   0
3240   0
3241   0
3242   0
3243   0
3244   2
3245   0
3246   0
3247   0
3248   0
3249   0
3250   1
3251   1
3252   1
3253   0
3254   0
3255   0
3256   1
3257   0
3258   3
3259   0
3260   0
3261   0
3262   0
3263   0
3264   0
3265   2
3266   0
3267   0
3268   0
3269   1
3270   0
3271   0
3272   2
3273   0
3274   0
3275   0
3276   0
3277   0
3278   1
3279   1
3280   0
3281   0
3282   0
3283   2
3284   0
3285   1
3286   0
3287   0
3288   0
3289   0
3290   2
3291   1
3292   1
3293   0
3294   0
3295   0
3296   0
3297   0
3298   0
3299   0
3300   2
3301   0
3302   0
3303   0
3304   0
3305   1
3306   0
3307   1
3308   1
3309   0
3310   0
3311   0
3312   1
3313   0
3314   0
3315   0
3316   0
3317   1
3318   0
3319   1
3320   1
3321   0
3322   0
3323   1
3324   0
3325   0
3326   1
3327   0
3328   0
3329   1
3330   1
3331   2
3332   0
3333   0
3334   0
3335   0
3336   1
3337   0
3338   0
3339   0
3340   0
3341   2
3342   1
3343   0
3344   0
3345   0
3346   0
3347   1
3348   0
3349   0
3350   0
3351   1
3352   0
3353   0
3354   2
3355   0
3356   1
3357   1
3358   0
3359   2
3360   0
3361   0
3362   1
3363   0
3364   0
3365   0
3366   0
3367   0
3368   2
3369   0
3370   2
3371   0
3372   0
3373   1
3374   1
3375   1
3376   1
3377   0
3378   0
3379   0
3380   0
3381   0
3382   2
3383   0
3384   0
3385   0
3386   1
3387   1
3388   1
3389   0
3390   1
3391   1
3392   0
3393   0
3394   0
3395   0
3396   0
3397   0
3398   0
3399   1
3400   0
3401   1
3402   0
3403   0
3404   1
3405   0
3406   0
3407   1
3408   0
3409   0
3410   0
3411   0
3412   0
3413   0
3414   2
3415   0
3416   0
3417   0
3418   0
3419   0
3420   0
3421   0
3422   1
3423   0
3424   0
3425   1
3426   1
3427   1
3428   1
3429   0
3430   0
3431   1
3432   0
3433   0
3434   0
3435   0
3436   1
3437   0
3438   1
3439   1
3440   0
3441   0
3442   1
3443   0
3444   0
3445   0
3446   0
3447   1
3448   2
3449   2
3450   0
3451   2
3452   1
3453   3
3454   5
3455   3
3456   0
3457   1
3458   2
3459   1
3460   1
3461   6
3462   6
3463   3
3464   5
3465   6
3466   10
3467   7
3468   6
3469   10
3470   12
3471   9
3472   3
3473   4
3474   4
3475   2
3476   1
3477   3
3478   3
3479   0
3480   0
3481   0
3482   0
3483   0
3484   0
3485   0
3486   0
3487   1
3488   0
3489   1
3490   0
3491   0
3492   1
3493   0
3494   1
3495   0
3496   0
3497   0
3498   0
3499   0
3500   0
3501   1
3502   2
3503   0
3504   0
3505   0
3506   0
3507   1
3508   0
3509   0
3510   0
3511   1
3512   1
3513   0
3514   1
3515   0
3516   0
3517   0
3518   0
3519   0
3520   0
3521   0
3522   2
3523   0
3524   0
3525   1
3526   0
3527   0
3528   1
3529   0
3530   1
3531   2
3532   0
3533   1
3534   0
3535   1
3536   0
3537   0
3538   0
3539   0
3540   2
3541   0
3542   0
3543   1
3544   0
3545   0
3546   0
3547   0
3548   0
3549   0
3550   0
3551   0
3552   0
3553   0
3554   1
3555   0
3556   0
3557   0
3558   0
3559   0
3560   0
3561   0
3562   0
3563   1
3564   0
3565   0
3566   0
3567   1
3568   0
3569   0
3570   0
3571   0
3572   0
3573   0
3574   1
3575   0
3576   0
3577   1
3578   0
3579   0
3580   0
3581   0
3582   0
3583   0
3584   0
3585   0
3586   0
3587   0
3588   0
3589   0
3590   0
3591   1
3592   0
3593   0
3594   0
3595   0
3596   0
3597   0
3598   0
3599   0
3600   0
3601   0
3602   0
3603   0
3604   0
3605   0
3606   0
3607   0
3608   0
3609   0
3610   0
3611   2
3612   0
3613   1
3614   0
3615   0
3616   1
3617   1
3618   1
3619   0
3620   0
3621   0
3622   3
3623   0
3624   0
3625   0
3626   1
3627   1
3628   0
3629   0
3630   2
3631   1
3632   2
3633   1
3634   0
3635   1
3636   0
3637   1
3638   2
3639   0
3640   2
3641   0
3642   1
3643   1
3644   2
3645   4
3646   0
3647   1
3648   2
3649   0
3650   3
3651   1
3652   2
3653   3
3654   1
3655   0
3656   4
3657   3
3658   3
3659   7
3660   0
3661   3
3662   3
3663   3
3664   6
3665   6
3666   8
3667   7
3668   10
3669   7
3670   5
3671   6
3672   13
3673   13
3674   7
3675   13
3676   15
3677   16
3678   14
3679   16
3680   12
3681   19
3682   12
3683   11
3684   4
3685   9
3686   7
3687   4
3688   4
3689   1
3690   1
3691   2
3692   0
3693   1
3694   0
3695   0
3696   0
3697   0
3698   0
3699   0
3700   0
3701   0
3702   0
3703   1
3704   0
3705   1
3706   1
3707   0
3708   1
3709   0
3710   1
3711   0
3712   0
3713   0
3714   0
3715   0
3716   1
3717   0
3718   0
3719   0
3720   0
3721   0
3722   0
3723   0
3724   0
3725   0
3726   0
3727   0
3728   1
3729   0
3730   1
3731   0
3732   0
3733   0
3734   1
3735   0
3736   0
3737   0
3738   0
3739   0
3740   0
3741   0
3742   1
3743   0
3744   1
3745   0
3746   0
3747   0
3748   1
3749   0
3750   0
3751   0
3752   0
3753   1
3754   0
3755   0
3756   2
3757   0
3758   0
3759   0
3760   0
3761   0
3762   0
3763   2
3764   1
3765   0
3766   0
3767   1
3768   0
3769   0
3770   0
3771   0
3772   0
3773   0
3774   1
3775   1
3776   0
3777   0
3778   1
3779   0
3780   1
3781   1
3782   0
3783   0
3784   1
3785   1
3786   0
3787   0
3788   0
3789   0
3790   0
3791   0
3792   0
3793   0
3794   0
3795   0
3796   0
3797   0
3798   1
3799   0
3800   0
3801   0
3802   0
3803   1
3804   0
3805   0
3806   1
3807   0
3808   0
3809   0
3810   0
3811   1
3812   0
3813   1
3814   1
3815   0
3816   0
3817   1
3818   1
3819   0
3820   0
3821   1
3822   0
3823   2
3824   0
3825   1
3826   0
3827   0
3828   1
3829   0
3830   0
3831   0
3832   0
3833   0
3834   0
3835   1
3836   0
3837   0
3838   0
3839   1
3840   0
3841   0
3842   0
3843   0
3844   1
3845   0
3846   0
3847   0
3848   0
3849   0
3850   0
3851   0
3852   1
3853   0
3854   1
3855   1
3856   1
3857   0
3858   0
3859   1
3860   1
3861   0
3862   0
3863   0
3864   0
3865   0
3866   0
3867   0
3868   0
3869   0
3870   0
3871   0
3872   0
3873   0
3874   0
3875   0
3876   0
3877   0
3878   0
3879   0
3880   0
3881   0
3882   1
3883   0
3884   1
3885   0
3886   0
3887   3
3888   0
3889   0
3890   0
3891   0
3892   0
3893   0
3894   0
3895   0
3896   0
3897   0
3898   0
3899   0
3900   0
3901   0
3902   0
3903   1
3904   0
3905   0
3906   0
3907   0
3908   0
3909   0
3910   0
3911   0
3912   0
3913   0
3914   0
3915   0
3916   0
3917   0
3918   0
3919   0
3920   0
3921   1
3922   0
3923   0
3924   0
3925   0
3926   0
3927   0
3928   0
3929   1
3930   1
3931   1
3932   0
3933   0
3934   0
3935   0
3936   0
3937   0
3938   0
3939   0
3940   0
3941   0
3942   0
3943   0
3944   1
3945   0
3946   1
3947   1
3948   0
3949   0
3950   1
3951   1
3952   0
3953   0
3954   0
3955   0
3956   1
3957   1
3958   1
3959   0
3960   0
3961   0
3962   0
3963   0
3964   0
3965   0
3966   1
3967   0
3968   0
3969   1
3970   0
3971   1
3972   1
3973   0
3974   0
3975   0
3976   0
3977   1
3978   1
3979   1
3980   4
3981   1
3982   5
3983   4
3984   1
3985   4
3986   3
3987   2
3988   0
3989   3
3990   0
3991   1
3992   1
3993   0
3994   2
3995   1
3996   1
3997   1
3998   0
3999   1
4000   2
4001   0
4002   1
4003   1
4004   0
4005   0
4006   0
4007   0
4008   0
4009   0
4010   0
4011   0
4012   1
4013   0
4014   0
4015   0
4016   1
4017   0
4018   1
4019   1
4020   0
4021   0
4022   1
4023   0
4024   0
4025   1
4026   2
4027   1
4028   0
4029   0
4030   0
4031   1
4032   0
4033   0
4034   0
4035   0
4036   0
4037   0
4038   0
4039   0
4040   0
4041   0
4042   0
4043   0
4044   0
4045   0
4046   0
4047   0
4048   0
4049   0
4050   0
4051   0
4052   0
4053   0
4054   0
4055   0
4056   0
4057   0
4058   0
4059   0
4060   0
4061   0
4062   0
4063   0
4064   0
4065   0
4066   0
4067   0
4068   0
4069   0
4070   0
4071   0
4072   0
4073   0
4074   0
4075   0
4076   1
4077   0
4078   0
4079   0
4080   1
4081   0
4082   0
4083   0
4084   0
4085   0
4086   0
4087   0
4088   0
4089   0
4090   0
4091   0
4092   0
4093   0
4094   0
4095   119
