0   0
1   0
2   0
3   0
4   0
5   0
6   0
7   0
8   0
9   0
10   0
11   0
12   0
13   0
14   0
15   0
16   0
17   0
18   0
19   0
20   0
21   0
22   0
23   0
24   0
25   0
26   0
27   0
28   0
29   0
30   0
31   0
32   0
33   0
34   0
35   0
36   0
37   0
38   0
39   0
40   0
41   0
42   0
43   0
44   0
45   0
46   0
47   0
48   0
49   0
50   0
51   0
52   0
53   0
54   0
55   0
56   0
57   0
58   0
59   0
60   0
61   0
62   0
63   0
64   0
65   0
66   0
67   0
68   0
69   0
70   0
71   0
72   0
73   0
74   0
75   0
76   0
77   0
78   0
79   0
80   0
81   0
82   0
83   0
84   0
85   0
86   0
87   0
88   0
89   0
90   0
91   0
92   0
93   0
94   0
95   0
96   0
97   0
98   0
99   0
100   27
101   11085
102   79590
103   35486
104   801
105   1
106   0
107   0
108   0
109   0
110   0
111   0
112   0
113   0
114   0
115   0
116   0
117   0
118   0
119   0
120   0
121   0
122   0
123   0
124   0
125   0
126   0
127   0
128   0
129   0
130   0
131   0
132   0
133   0
134   0
135   0
136   0
137   0
138   0
139   0
140   0
141   0
142   0
143   0
144   0
145   0
146   0
147   0
148   0
149   0
150   0
151   0
152   0
153   0
154   0
155   0
156   0
157   0
158   0
159   0
160   0
161   0
162   0
163   0
164   0
165   0
166   0
167   0
168   0
169   0
170   0
171   0
172   0
173   0
174   0
175   0
176   0
177   0
178   0
179   0
180   0
181   0
182   0
183   0
184   0
185   0
186   0
187   0
188   0
189   0
190   0
191   0
192   0
193   0
194   0
195   0
196   0
197   0
198   0
199   0
200   0
201   0
202   0
203   0
204   0
205   0
206   0
207   0
208   0
209   0
210   0
211   0
212   0
213   0
214   0
215   0
216   0
217   0
218   0
219   0
220   0
221   0
222   0
223   0
224   0
225   0
226   0
227   0
228   0
229   0
230   0
231   0
232   0
233   0
234   0
235   0
236   0
237   0
238   0
239   0
240   0
241   0
242   0
243   0
244   0
245   0
246   0
247   0
248   0
249   0
250   0
251   0
252   0
253   0
254   0
255   0
256   0
257   0
258   0
259   0
260   0
261   0
262   0
263   0
264   0
265   0
266   0
267   0
268   0
269   0
270   0
271   0
272   0
273   0
274   0
275   0
276   0
277   0
278   0
279   0
280   0
281   0
282   0
283   0
284   0
285   0
286   0
287   0
288   0
289   0
290   0
291   0
292   0
293   0
294   0
295   0
296   0
297   0
298   0
299   0
300   0
301   0
302   0
303   0
304   0
305   0
306   0
307   0
308   0
309   0
310   0
311   0
312   0
313   0
314   0
315   0
316   0
317   1
318   1
319   1
320   1
321   0
322   2
323   0
324   0
325   0
326   0
327   0
328   0
329   0
330   0
331   1
332   0
333   1
334   0
335   0
336   0
337   0
338   0
339   0
340   0
341   0
342   0
343   0
344   0
345   1
346   0
347   0
348   0
349   0
350   0
351   0
352   1
353   0
354   1
355   0
356   1
357   0
358   0
359   0
360   0
361   0
362   0
363   0
364   0
365   0
366   0
367   0
368   0
369   0
370   0
371   0
372   0
373   0
374   0
375   0
376   0
377   0
378   1
379   0
380   0
381   0
382   0
383   0
384   0
385   0
386   0
387   0
388   0
389   0
390   0
391   0
392   0
393   1
394   0
395   0
396   0
397   0
398   0
399   1
400   0
401   0
402   0
403   1
404   0
405   0
406   0
407   0
408   0
409   0
410   0
411   0
412   0
413   0
414   0
415   0
416   0
417   0
418   0
419   0
420   0
421   0
422   1
423   0
424   0
425   1
426   0
427   1
428   0
429   0
430   0
431   0
432   0
433   0
434   0
435   0
436   0
437   0
438   0
439   0
440   0
441   0
442   0
443   0
444   0
445   0
446   1
447   0
448   1
449   0
450   0
451   0
452   0
453   0
454   0
455   0
456   0
457   0
458   0
459   0
460   0
461   1
462   0
463   0
464   0
465   0
466   1
467   1
468   0
469   0
470   1
471   0
472   0
473   0
474   0
475   0
476   0
477   0
478   0
479   0
480   0
481   0
482   0
483   0
484   0
485   0
486   0
487   0
488   1
489   0
490   0
491   1
492   0
493   0
494   1
495   0
496   0
497   0
498   0
499   0
500   0
501   0
502   0
503   0
504   0
505   0
506   0
507   0
508   0
509   0
510   0
511   0
512   0
513   0
514   0
515   0
516   0
517   1
518   0
519   1
520   0
521   1
522   0
523   0
524   0
525   0
526   1
527   0
528   0
529   1
530   0
531   0
532   0
533   1
534   0
535   0
536   0
537   1
538   0
539   0
540   0
541   1
542   0
543   1
544   0
545   0
546   0
547   0
548   0
549   1
550   0
551   2
552   0
553   0
554   3
555   0
556   1
557   2
558   0
559   2
560   0
561   1
562   2
563   1
564   0
565   0
566   2
567   2
568   3
569   2
570   1
571   3
572   4
573   2
574   0
575   3
576   3
577   2
578   2
579   2
580   3
581   7
582   1
583   2
584   6
585   1
586   7
587   7
588   2
589   2
590   4
591   3
592   6
593   8
594   6
595   3
596   6
597   6
598   7
599   7
600   4
601   8
602   5
603   2
604   8
605   4
606   7
607   6
608   10
609   6
610   9
611   11
612   16
613   14
614   20
615   26
616   21
617   27
618   21
619   23
620   21
621   13
622   13
623   16
624   12
625   11
626   16
627   13
628   6
629   16
630   6
631   12
632   11
633   13
634   14
635   4
636   12
637   15
638   14
639   14
640   16
641   11
642   13
643   13
644   11
645   17
646   18
647   12
648   16
649   26
650   21
651   32
652   42
653   53
654   54
655   68
656   91
657   107
658   133
659   129
660   143
661   113
662   119
663   93
664   66
665   63
666   40
667   25
668   25
669   22
670   19
671   20
672   19
673   17
674   15
675   15
676   18
677   18
678   19
679   15
680   20
681   14
682   11
683   14
684   12
685   14
686   9
687   21
688   16
689   23
690   22
691   29
692   17
693   31
694   26
695   22
696   45
697   50
698   54
699   77
700   87
701   101
702   98
703   129
704   137
705   125
706   104
707   106
708   47
709   52
710   52
711   37
712   32
713   27
714   30
715   30
716   13
717   19
718   31
719   18
720   14
721   22
722   24
723   24
724   26
725   25
726   25
727   26
728   35
729   25
730   32
731   27
732   26
733   46
734   35
735   27
736   42
737   23
738   28
739   25
740   28
741   35
742   18
743   32
744   33
745   38
746   37
747   44
748   53
749   42
750   57
751   65
752   79
753   99
754   105
755   128
756   122
757   125
758   115
759   111
760   91
761   86
762   75
763   62
764   65
765   92
766   99
767   110
768   97
769   156
770   156
771   183
772   166
773   174
774   180
775   205
776   208
777   226
778   227
779   255
780   277
781   257
782   258
783   292
784   346
785   329
786   340
787   329
788   290
789   256
790   213
791   164
792   123
793   94
794   66
795   78
796   47
797   71
798   48
799   60
800   38
801   43
802   38
803   54
804   51
805   43
806   53
807   53
808   36
809   53
810   59
811   54
812   56
813   48
814   43
815   55
816   45
817   56
818   36
819   43
820   47
821   32
822   45
823   39
824   42
825   46
826   36
827   45
828   32
829   41
830   34
831   36
832   42
833   35
834   38
835   50
836   33
837   50
838   35
839   57
840   42
841   41
842   52
843   50
844   50
845   51
846   72
847   44
848   45
849   70
850   49
851   39
852   46
853   47
854   49
855   52
856   57
857   55
858   43
859   53
860   50
861   58
862   53
863   52
864   61
865   58
866   61
867   70
868   73
869   75
870   76
871   59
872   64
873   69
874   60
875   63
876   56
877   61
878   78
879   62
880   81
881   72
882   85
883   61
884   66
885   71
886   71
887   77
888   68
889   72
890   91
891   108
892   104
893   116
894   112
895   120
896   165
897   153
898   185
899   186
900   183
901   183
902   174
903   155
904   154
905   151
906   131
907   135
908   129
909   116
910   120
911   118
912   130
913   118
914   112
915   113
916   124
917   136
918   138
919   129
920   123
921   123
922   138
923   131
924   133
925   170
926   150
927   155
928   176
929   145
930   186
931   204
932   190
933   198
934   205
935   198
936   203
937   207
938   194
939   236
940   251
941   264
942   300
943   293
944   297
945   300
946   339
947   341
948   392
949   424
950   452
951   547
952   528
953   618
954   689
955   709
956   739
957   835
958   840
959   812
960   832
961   838
962   865
963   885
964   944
965   957
966   1006
967   1075
968   1112
969   1196
970   1258
971   1289
972   1388
973   1417
974   1602
975   1503
976   1608
977   1625
978   1639
979   1616
980   1561
981   1404
982   1426
983   1294
984   1184
985   1124
986   1077
987   940
988   830
989   807
990   707
991   655
992   547
993   529
994   447
995   413
996   364
997   337
998   308
999   254
1000   246
1001   241
1002   214
1003   173
1004   163
1005   160
1006   151
1007   126
1008   124
1009   135
1010   118
1011   94
1012   91
1013   128
1014   86
1015   83
1016   99
1017   76
1018   80
1019   65
1020   71
1021   60
1022   56
1023   56
1024   46
1025   42
1026   36
1027   38
1028   42
1029   37
1030   35
1031   43
1032   24
1033   23
1034   46
1035   35
1036   34
1037   32
1038   24
1039   22
1040   21
1041   21
1042   33
1043   35
1044   23
1045   15
1046   42
1047   28
1048   25
1049   20
1050   29
1051   21
1052   29
1053   18
1054   22
1055   13
1056   19
1057   20
1058   21
1059   16
1060   17
1061   14
1062   12
1063   11
1064   9
1065   9
1066   11
1067   6
1068   13
1069   18
1070   10
1071   8
1072   11
1073   12
1074   13
1075   4
1076   7
1077   12
1078   14
1079   15
1080   18
1081   33
1082   30
1083   28
1084   39
1085   39
1086   54
1087   35
1088   54
1089   39
1090   36
1091   27
1092   23
1093   27
1094   19
1095   12
1096   16
1097   6
1098   7
1099   9
1100   5
1101   10
1102   7
1103   6
1104   3
1105   2
1106   5
1107   10
1108   1
1109   4
1110   3
1111   3
1112   3
1113   0
1114   1
1115   3
1116   2
1117   5
1118   1
1119   3
1120   2
1121   4
1122   0
1123   2
1124   7
1125   2
1126   3
1127   6
1128   5
1129   8
1130   9
1131   9
1132   10
1133   12
1134   13
1135   19
1136   10
1137   18
1138   22
1139   20
1140   15
1141   21
1142   16
1143   10
1144   11
1145   3
1146   4
1147   3
1148   3
1149   2
1150   1
1151   0
1152   2
1153   2
1154   0
1155   4
1156   1
1157   3
1158   2
1159   2
1160   1
1161   5
1162   3
1163   1
1164   2
1165   6
1166   3
1167   2
1168   2
1169   1
1170   4
1171   1
1172   1
1173   7
1174   0
1175   2
1176   4
1177   0
1178   2
1179   2
1180   6
1181   2
1182   2
1183   7
1184   4
1185   4
1186   7
1187   6
1188   12
1189   10
1190   8
1191   10
1192   5
1193   5
1194   10
1195   8
1196   5
1197   2
1198   4
1199   3
1200   6
1201   3
1202   8
1203   10
1204   6
1205   5
1206   6
1207   3
1208   6
1209   2
1210   1
1211   4
1212   3
1213   1
1214   4
1215   1
1216   0
1217   4
1218   4
1219   1
1220   3
1221   2
1222   0
1223   1
1224   2
1225   2
1226   1
1227   0
1228   1
1229   0
1230   2
1231   1
1232   2
1233   1
1234   4
1235   3
1236   6
1237   1
1238   1
1239   1
1240   8
1241   5
1242   7
1243   20
1244   12
1245   30
1246   25
1247   31
1248   49
1249   59
1250   80
1251   98
1252   92
1253   104
1254   119
1255   114
1256   125
1257   96
1258   90
1259   67
1260   73
1261   61
1262   30
1263   33
1264   22
1265   16
1266   17
1267   11
1268   11
1269   4
1270   6
1271   1
1272   3
1273   3
1274   4
1275   7
1276   4
1277   3
1278   1
1279   4
1280   2
1281   2
1282   4
1283   2
1284   3
1285   6
1286   2
1287   0
1288   3
1289   2
1290   0
1291   2
1292   1
1293   1
1294   2
1295   2
1296   0
1297   1
1298   6
1299   6
1300   6
1301   6
1302   4
1303   3
1304   5
1305   6
1306   11
1307   7
1308   10
1309   12
1310   15
1311   22
1312   33
1313   41
1314   44
1315   61
1316   71
1317   70
1318   91
1319   117
1320   145
1321   156
1322   182
1323   206
1324   239
1325   251
1326   241
1327   219
1328   206
1329   195
1330   157
1331   132
1332   121
1333   96
1334   66
1335   46
1336   39
1337   16
1338   23
1339   9
1340   9
1341   7
1342   6
1343   5
1344   5
1345   7
1346   6
1347   4
1348   4
1349   5
1350   4
1351   3
1352   6
1353   6
1354   8
1355   4
1356   4
1357   8
1358   12
1359   6
1360   13
1361   18
1362   11
1363   9
1364   10
1365   15
1366   11
1367   20
1368   14
1369   15
1370   10
1371   13
1372   13
1373   8
1374   9
1375   10
1376   9
1377   8
1378   5
1379   4
1380   12
1381   10
1382   11
1383   5
1384   15
1385   25
1386   20
1387   28
1388   41
1389   38
1390   52
1391   52
1392   64
1393   80
1394   99
1395   130
1396   168
1397   165
1398   183
1399   214
1400   221
1401   249
1402   258
1403   232
1404   236
1405   239
1406   163
1407   181
1408   128
1409   146
1410   113
1411   77
1412   76
1413   47
1414   41
1415   27
1416   27
1417   18
1418   16
1419   10
1420   8
1421   9
1422   7
1423   11
1424   4
1425   10
1426   5
1427   7
1428   10
1429   7
1430   8
1431   9
1432   11
1433   19
1434   15
1435   20
1436   23
1437   26
1438   27
1439   29
1440   34
1441   42
1442   39
1443   38
1444   37
1445   52
1446   46
1447   57
1448   31
1449   38
1450   33
1451   27
1452   19
1453   12
1454   18
1455   13
1456   20
1457   12
1458   12
1459   9
1460   9
1461   9
1462   7
1463   7
1464   6
1465   6
1466   7
1467   4
1468   7
1469   8
1470   5
1471   6
1472   5
1473   5
1474   3
1475   2
1476   4
1477   2
1478   5
1479   6
1480   4
1481   5
1482   7
1483   5
1484   14
1485   7
1486   12
1487   10
1488   29
1489   20
1490   26
1491   30
1492   42
1493   48
1494   43
1495   52
1496   78
1497   76
1498   72
1499   61
1500   54
1501   55
1502   38
1503   36
1504   19
1505   21
1506   16
1507   10
1508   5
1509   7
1510   3
1511   1
1512   7
1513   2
1514   2
1515   2
1516   1
1517   1
1518   1
1519   1
1520   2
1521   0
1522   0
1523   2
1524   2
1525   3
1526   5
1527   4
1528   3
1529   4
1530   2
1531   4
1532   4
1533   9
1534   7
1535   28
1536   10
1537   13
1538   25
1539   22
1540   16
1541   23
1542   17
1543   20
1544   11
1545   10
1546   15
1547   15
1548   13
1549   4
1550   5
1551   10
1552   5
1553   3
1554   0
1555   1
1556   3
1557   5
1558   2
1559   3
1560   2
1561   0
1562   4
1563   2
1564   4
1565   4
1566   2
1567   3
1568   8
1569   4
1570   8
1571   4
1572   8
1573   11
1574   12
1575   8
1576   10
1577   3
1578   11
1579   14
1580   16
1581   13
1582   12
1583   21
1584   21
1585   14
1586   24
1587   30
1588   19
1589   28
1590   25
1591   28
1592   16
1593   30
1594   21
1595   15
1596   18
1597   14
1598   18
1599   9
1600   9
1601   8
1602   6
1603   8
1604   9
1605   15
1606   13
1607   11
1608   11
1609   14
1610   13
1611   14
1612   15
1613   18
1614   6
1615   19
1616   15
1617   15
1618   17
1619   20
1620   12
1621   9
1622   16
1623   9
1624   15
1625   9
1626   6
1627   6
1628   4
1629   9
1630   5
1631   5
1632   2
1633   7
1634   7
1635   8
1636   7
1637   6
1638   9
1639   5
1640   10
1641   7
1642   5
1643   4
1644   7
1645   1
1646   5
1647   6
1648   10
1649   4
1650   2
1651   6
1652   1
1653   2
1654   1
1655   2
1656   1
1657   5
1658   6
1659   5
1660   6
1661   6
1662   4
1663   5
1664   13
1665   8
1666   11
1667   12
1668   14
1669   18
1670   23
1671   25
1672   23
1673   43
1674   28
1675   33
1676   32
1677   41
1678   32
1679   27
1680   33
1681   21
1682   20
1683   18
1684   13
1685   15
1686   17
1687   7
1688   13
1689   16
1690   16
1691   24
1692   21
1693   29
1694   34
1695   43
1696   53
1697   86
1698   97
1699   133
1700   172
1701   212
1702   253
1703   332
1704   402
1705   508
1706   581
1707   604
1708   642
1709   596
1710   476
1711   455
1712   407
1713   272
1714   243
1715   177
1716   116
1717   92
1718   66
1719   55
1720   35
1721   25
1722   20
1723   23
1724   12
1725   16
1726   10
1727   10
1728   10
1729   8
1730   13
1731   5
1732   7
1733   6
1734   12
1735   11
1736   9
1737   9
1738   7
1739   7
1740   8
1741   4
1742   3
1743   4
1744   2
1745   4
1746   3
1747   1
1748   1
1749   0
1750   2
1751   2
1752   2
1753   2
1754   2
1755   1
1756   1
1757   3
1758   3
1759   2
1760   4
1761   3
1762   1
1763   3
1764   3
1765   2
1766   1
1767   4
1768   4
1769   3
1770   1
1771   1
1772   0
1773   5
1774   2
1775   0
1776   5
1777   2
1778   2
1779   2
1780   3
1781   0
1782   1
1783   4
1784   3
1785   5
1786   2
1787   1
1788   5
1789   2
1790   9
1791   5
1792   3
1793   4
1794   7
1795   4
1796   3
1797   5
1798   0
1799   4
1800   1
1801   3
1802   5
1803   1
1804   2
1805   2
1806   0
1807   2
1808   4
1809   2
1810   7
1811   4
1812   0
1813   3
1814   3
1815   2
1816   7
1817   2
1818   1
1819   4
1820   3
1821   4
1822   3
1823   5
1824   6
1825   5
1826   3
1827   14
1828   13
1829   6
1830   12
1831   21
1832   22
1833   23
1834   35
1835   34
1836   61
1837   51
1838   72
1839   79
1840   87
1841   92
1842   111
1843   105
1844   138
1845   105
1846   116
1847   86
1848   91
1849   72
1850   75
1851   68
1852   59
1853   48
1854   42
1855   31
1856   37
1857   56
1858   56
1859   64
1860   87
1861   92
1862   110
1863   116
1864   144
1865   165
1866   139
1867   145
1868   139
1869   117
1870   104
1871   71
1872   67
1873   61
1874   44
1875   34
1876   28
1877   22
1878   14
1879   14
1880   12
1881   10
1882   8
1883   14
1884   19
1885   14
1886   24
1887   24
1888   19
1889   17
1890   16
1891   13
1892   9
1893   12
1894   12
1895   5
1896   8
1897   1
1898   4
1899   3
1900   3
1901   1
1902   0
1903   5
1904   2
1905   4
1906   1
1907   5
1908   1
1909   3
1910   2
1911   3
1912   4
1913   3
1914   4
1915   4
1916   2
1917   5
1918   6
1919   2
1920   9
1921   6
1922   11
1923   4
1924   10
1925   12
1926   15
1927   15
1928   21
1929   27
1930   35
1931   40
1932   64
1933   62
1934   79
1935   117
1936   122
1937   168
1938   193
1939   228
1940   251
1941   252
1942   308
1943   364
1944   336
1945   308
1946   310
1947   274
1948   217
1949   191
1950   149
1951   119
1952   75
1953   75
1954   49
1955   39
1956   36
1957   28
1958   16
1959   8
1960   6
1961   6
1962   6
1963   7
1964   6
1965   4
1966   3
1967   2
1968   1
1969   5
1970   5
1971   6
1972   3
1973   8
1974   6
1975   8
1976   11
1977   17
1978   10
1979   13
1980   20
1981   18
1982   21
1983   23
1984   18
1985   18
1986   16
1987   15
1988   9
1989   9
1990   6
1991   4
1992   7
1993   2
1994   7
1995   2
1996   5
1997   8
1998   3
1999   1
2000   7
2001   1
2002   3
2003   3
2004   1
2005   1
2006   3
2007   1
2008   3
2009   2
2010   6
2011   0
2012   1
2013   1
2014   2
2015   1
2016   1
2017   2
2018   1
2019   0
2020   2
2021   1
2022   2
2023   0
2024   3
2025   1
2026   0
2027   1
2028   1
2029   1
2030   3
2031   0
2032   2
2033   3
2034   1
2035   0
2036   1
2037   4
2038   3
2039   1
2040   0
2041   1
2042   2
2043   2
2044   0
2045   3
2046   2
2047   2
2048   0
2049   1
2050   1
2051   2
2052   0
2053   3
2054   1
2055   2
2056   0
2057   1
2058   3
2059   2
2060   0
2061   2
2062   0
2063   1
2064   1
2065   1
2066   1
2067   2
2068   2
2069   3
2070   2
2071   2
2072   3
2073   4
2074   2
2075   1
2076   0
2077   4
2078   1
2079   4
2080   6
2081   6
2082   2
2083   4
2084   3
2085   2
2086   2
2087   3
2088   5
2089   6
2090   5
2091   11
2092   12
2093   9
2094   8
2095   11
2096   12
2097   18
2098   17
2099   15
2100   9
2101   13
2102   3
2103   8
2104   2
2105   4
2106   3
2107   1
2108   6
2109   2
2110   1
2111   2
2112   3
2113   8
2114   4
2115   8
2116   6
2117   8
2118   10
2119   6
2120   9
2121   6
2122   7
2123   6
2124   5
2125   4
2126   8
2127   1
2128   2
2129   3
2130   5
2131   1
2132   2
2133   0
2134   0
2135   1
2136   1
2137   1
2138   1
2139   4
2140   1
2141   0
2142   1
2143   1
2144   1
2145   1
2146   2
2147   3
2148   0
2149   1
2150   2
2151   1
2152   0
2153   3
2154   2
2155   1
2156   2
2157   2
2158   0
2159   2
2160   0
2161   4
2162   3
2163   2
2164   3
2165   1
2166   3
2167   1
2168   4
2169   4
2170   0
2171   2
2172   3
2173   5
2174   6
2175   5
2176   8
2177   12
2178   11
2179   23
2180   22
2181   33
2182   36
2183   44
2184   69
2185   85
2186   81
2187   104
2188   140
2189   149
2190   139
2191   153
2192   137
2193   112
2194   103
2195   95
2196   61
2197   51
2198   40
2199   30
2200   27
2201   15
2202   16
2203   7
2204   8
2205   8
2206   7
2207   6
2208   2
2209   4
2210   4
2211   2
2212   3
2213   0
2214   5
2215   0
2216   0
2217   1
2218   1
2219   1
2220   0
2221   2
2222   0
2223   5
2224   1
2225   0
2226   2
2227   0
2228   1
2229   2
2230   2
2231   2
2232   1
2233   0
2234   1
2235   1
2236   1
2237   1
2238   1
2239   0
2240   2
2241   0
2242   2
2243   0
2244   1
2245   2
2246   2
2247   2
2248   2
2249   2
2250   4
2251   2
2252   1
2253   0
2254   2
2255   2
2256   1
2257   1
2258   1
2259   2
2260   1
2261   2
2262   2
2263   1
2264   1
2265   4
2266   1
2267   2
2268   0
2269   1
2270   3
2271   2
2272   3
2273   2
2274   3
2275   4
2276   7
2277   4
2278   5
2279   1
2280   6
2281   9
2282   8
2283   10
2284   15
2285   28
2286   20
2287   22
2288   53
2289   46
2290   76
2291   91
2292   114
2293   121
2294   110
2295   139
2296   113
2297   111
2298   95
2299   85
2300   74
2301   41
2302   39
2303   28
2304   23
2305   13
2306   12
2307   8
2308   6
2309   3
2310   3
2311   4
2312   6
2313   4
2314   8
2315   3
2316   3
2317   7
2318   4
2319   4
2320   3
2321   4
2322   8
2323   5
2324   7
2325   7
2326   9
2327   2
2328   7
2329   6
2330   3
2331   7
2332   4
2333   1
2334   4
2335   5
2336   4
2337   5
2338   6
2339   9
2340   11
2341   17
2342   13
2343   17
2344   23
2345   32
2346   33
2347   50
2348   50
2349   57
2350   75
2351   62
2352   68
2353   67
2354   58
2355   45
2356   45
2357   30
2358   24
2359   14
2360   12
2361   4
2362   8
2363   4
2364   3
2365   3
2366   2
2367   3
2368   5
2369   3
2370   3
2371   1
2372   1
2373   1
2374   1
2375   3
2376   2
2377   2
2378   2
2379   1
2380   2
2381   2
2382   1
2383   4
2384   3
2385   3
2386   6
2387   5
2388   8
2389   12
2390   7
2391   10
2392   3
2393   15
2394   22
2395   28
2396   31
2397   37
2398   44
2399   48
2400   55
2401   71
2402   65
2403   64
2404   40
2405   44
2406   37
2407   33
2408   20
2409   10
2410   9
2411   7
2412   5
2413   5
2414   3
2415   5
2416   8
2417   4
2418   8
2419   7
2420   2
2421   5
2422   13
2423   5
2424   9
2425   16
2426   17
2427   26
2428   32
2429   43
2430   64
2431   74
2432   69
2433   92
2434   97
2435   105
2436   92
2437   105
2438   98
2439   82
2440   87
2441   69
2442   65
2443   59
2444   67
2445   70
2446   57
2447   89
2448   95
2449   116
2450   137
2451   170
2452   197
2453   269
2454   329
2455   425
2456   477
2457   707
2458   897
2459   1190
2460   1537
2461   1957
2462   2502
2463   2961
2464   3477
2465   4285
2466   5021
2467   5777
2468   6225
2469   6794
2470   7200
2471   7454
2472   7630
2473   7312
2474   7153
2475   6768
2476   6168
2477   5345
2478   4390
2479   3626
2480   2893
2481   2266
2482   1638
2483   1223
2484   977
2485   678
2486   494
2487   405
2488   315
2489   278
2490   239
2491   209
2492   194
2493   173
2494   188
2495   191
2496   182
2497   209
2498   170
2499   181
2500   150
2501   132
2502   117
2503   88
2504   66
2505   47
2506   40
2507   38
2508   37
2509   15
2510   13
2511   16
2512   11
2513   8
2514   6
2515   3
2516   8
2517   9
2518   2
2519   8
2520   4
2521   4
2522   5
2523   4
2524   2
2525   1
2526   2
2527   2
2528   1
2529   0
2530   0
2531   4
2532   1
2533   2
2534   1
2535   1
2536   2
2537   0
2538   2
2539   2
2540   1
2541   2
2542   2
2543   0
2544   3
2545   1
2546   0
2547   0
2548   1
2549   0
2550   0
2551   1
2552   2
2553   2
2554   0
2555   3
2556   1
2557   0
2558   1
2559   0
2560   2
2561   1
2562   2
2563   2
2564   1
2565   4
2566   2
2567   2
2568   1
2569   2
2570   2
2571   1
2572   0
2573   3
2574   1
2575   2
2576   1
2577   0
2578   1
2579   1
2580   0
2581   0
2582   2
2583   1
2584   2
2585   1
2586   1
2587   3
2588   1
2589   1
2590   0
2591   0
2592   1
2593   3
2594   0
2595   0
2596   1
2597   0
2598   1
2599   0
2600   4
2601   3
2602   1
2603   0
2604   1
2605   0
2606   1
2607   1
2608   2
2609   1
2610   1
2611   1
2612   0
2613   1
2614   0
2615   1
2616   0
2617   1
2618   1
2619   1
2620   0
2621   1
2622   1
2623   0
2624   0
2625   2
2626   2
2627   3
2628   2
2629   0
2630   1
2631   0
2632   1
2633   1
2634   1
2635   2
2636   2
2637   5
2638   2
2639   6
2640   1
2641   2
2642   1
2643   1
2644   1
2645   3
2646   6
2647   6
2648   12
2649   5
2650   9
2651   12
2652   16
2653   30
2654   42
2655   34
2656   44
2657   61
2658   69
2659   97
2660   126
2661   192
2662   224
2663   281
2664   305
2665   355
2666   345
2667   338
2668   336
2669   257
2670   259
2671   250
2672   200
2673   173
2674   123
2675   88
2676   71
2677   51
2678   32
2679   23
2680   14
2681   16
2682   8
2683   8
2684   5
2685   6
2686   6
2687   2
2688   0
2689   2
2690   3
2691   4
2692   2
2693   3
2694   4
2695   2
2696   5
2697   2
2698   1
2699   1
2700   7
2701   1
2702   2
2703   2
2704   2
2705   1
2706   2
2707   4
2708   4
2709   2
2710   2
2711   1
2712   1
2713   0
2714   0
2715   0
2716   1
2717   0
2718   0
2719   0
2720   0
2721   0
2722   2
2723   1
2724   4
2725   0
2726   1
2727   0
2728   1
2729   0
2730   0
2731   2
2732   1
2733   1
2734   0
2735   1
2736   1
2737   0
2738   1
2739   0
2740   1
2741   2
2742   0
2743   0
2744   1
2745   2
2746   1
2747   0
2748   0
2749   0
2750   0
2751   0
2752   4
2753   0
2754   1
2755   0
2756   0
2757   0
2758   1
2759   0
2760   1
2761   1
2762   1
2763   1
2764   1
2765   1
2766   0
2767   1
2768   3
2769   1
2770   0
2771   3
2772   5
2773   2
2774   4
2775   3
2776   5
2777   5
2778   19
2779   16
2780   22
2781   34
2782   50
2783   61
2784   62
2785   82
2786   63
2787   63
2788   67
2789   52
2790   37
2791   33
2792   35
2793   24
2794   11
2795   16
2796   7
2797   7
2798   6
2799   3
2800   5
2801   4
2802   3
2803   2
2804   3
2805   4
2806   2
2807   8
2808   5
2809   7
2810   12
2811   10
2812   10
2813   21
2814   29
2815   26
2816   35
2817   41
2818   42
2819   39
2820   36
2821   29
2822   32
2823   23
2824   20
2825   9
2826   13
2827   13
2828   12
2829   14
2830   4
2831   2
2832   4
2833   5
2834   3
2835   2
2836   1
2837   3
2838   1
2839   0
2840   3
2841   3
2842   4
2843   1
2844   2
2845   1
2846   3
2847   2
2848   1
2849   1
2850   0
2851   0
2852   1
2853   1
2854   0
2855   1
2856   1
2857   0
2858   1
2859   1
2860   0
2861   0
2862   1
2863   1
2864   2
2865   0
2866   0
2867   2
2868   1
2869   0
2870   1
2871   2
2872   2
2873   4
2874   1
2875   3
2876   4
2877   5
2878   4
2879   8
2880   11
2881   7
2882   13
2883   10
2884   21
2885   19
2886   20
2887   23
2888   33
2889   27
2890   26
2891   28
2892   37
2893   36
2894   47
2895   48
2896   66
2897   62
2898   63
2899   54
2900   47
2901   49
2902   33
2903   32
2904   21
2905   17
2906   21
2907   7
2908   6
2909   6
2910   5
2911   2
2912   5
2913   1
2914   0
2915   1
2916   2
2917   1
2918   1
2919   3
2920   0
2921   0
2922   1
2923   1
2924   0
2925   2
2926   1
2927   1
2928   0
2929   0
2930   0
2931   3
2932   0
2933   2
2934   0
2935   0
2936   0
2937   0
2938   2
2939   0
2940   0
2941   2
2942   0
2943   0
2944   0
2945   0
2946   0
2947   1
2948   1
2949   2
2950   2
2951   2
2952   1
2953   1
2954   2
2955   2
2956   1
2957   0
2958   2
2959   2
2960   1
2961   1
2962   2
2963   1
2964   2
2965   0
2966   0
2967   0
2968   1
2969   2
2970   2
2971   0
2972   4
2973   0
2974   1
2975   1
2976   0
2977   1
2978   2
2979   2
2980   0
2981   1
2982   5
2983   1
2984   2
2985   1
2986   0
2987   0
2988   0
2989   0
2990   1
2991   1
2992   0
2993   0
2994   0
2995   1
2996   1
2997   0
2998   0
2999   1
3000   0
3001   0
3002   0
3003   2
3004   0
3005   1
3006   1
3007   0
3008   1
3009   1
3010   0
3011   1
3012   1
3013   0
3014   1
3015   0
3016   0
3017   0
3018   0
3019   0
3020   2
3021   0
3022   1
3023   1
3024   2
3025   1
3026   2
3027   0
3028   1
3029   2
3030   5
3031   4
3032   6
3033   2
3034   3
3035   7
3036   5
3037   7
3038   4
3039   10
3040   12
3041   19
3042   21
3043   32
3044   32
3045   38
3046   47
3047   71
3048   65
3049   76
3050   64
3051   79
3052   70
3053   49
3054   53
3055   43
3056   32
3057   32
3058   21
3059   18
3060   7
3061   8
3062   6
3063   5
3064   3
3065   3
3066   1
3067   5
3068   2
3069   1
3070   1
3071   3
3072   1
3073   3
3074   3
3075   1
3076   1
3077   2
3078   3
3079   1
3080   0
3081   0
3082   0
3083   0
3084   0
3085   2
3086   1
3087   2
3088   3
3089   1
3090   1
3091   0
3092   0
3093   0
3094   0
3095   2
3096   1
3097   1
3098   0
3099   1
3100   0
3101   0
3102   0
3103   0
3104   1
3105   0
3106   1
3107   0
3108   1
3109   1
3110   1
3111   0
3112   2
3113   0
3114   0
3115   0
3116   1
3117   2
3118   0
3119   2
3120   0
3121   0
3122   0
3123   2
3124   0
3125   0
3126   0
3127   1
3128   0
3129   1
3130   0
3131   0
3132   0
3133   0
3134   2
3135   0
3136   0
3137   1
3138   1
3139   1
3140   1
3141   3
3142   1
3143   0
3144   1
3145   1
3146   4
3147   1
3148   0
3149   3
3150   0
3151   1
3152   0
3153   0
3154   0
3155   0
3156   0
3157   0
3158   2
3159   1
3160   1
3161   0
3162   2
3163   0
3164   2
3165   0
3166   0
3167   1
3168   0
3169   1
3170   0
3171   0
3172   2
3173   0
3174   1
3175   1
3176   0
3177   0
3178   3
3179   0
3180   2
3181   1
3182   2
3183   4
3184   5
3185   1
3186   0
3187   5
3188   2
3189   2
3190   3
3191   0
3192   2
3193   1
3194   0
3195   1
3196   3
3197   0
3198   2
3199   2
3200   1
3201   0
3202   2
3203   0
3204   1
3205   1
3206   0
3207   0
3208   0
3209   1
3210   1
3211   2
3212   0
3213   0
3214   3
3215   1
3216   2
3217   4
3218   0
3219   6
3220   1
3221   3
3222   1
3223   2
3224   0
3225   0
3226   0
3227   0
3228   2
3229   0
3230   0
3231   2
3232   0
3233   0
3234   0
3235   1
3236   0
3237   1
3238   0
3239   3
3240   0
3241   0
3242   3
3243   1
3244   0
3245   0
3246   2
3247   1
3248   2
3249   0
3250   0
3251   2
3252   3
3253   1
3254   2
3255   2
3256   1
3257   0
3258   1
3259   0
3260   0
3261   1
3262   1
3263   1
3264   0
3265   1
3266   0
3267   1
3268   1
3269   2
3270   1
3271   1
3272   1
3273   2
3274   0
3275   0
3276   1
3277   1
3278   1
3279   1
3280   1
3281   0
3282   0
3283   0
3284   0
3285   4
3286   0
3287   2
3288   2
3289   3
3290   2
3291   3
3292   1
3293   1
3294   1
3295   2
3296   1
3297   0
3298   2
3299   2
3300   0
3301   1
3302   2
3303   3
3304   1
3305   2
3306   2
3307   1
3308   0
3309   2
3310   0
3311   3
3312   1
3313   0
3314   1
3315   1
3316   1
3317   1
3318   4
3319   3
3320   2
3321   2
3322   0
3323   2
3324   0
3325   1
3326   0
3327   0
3328   0
3329   0
3330   0
3331   1
3332   1
3333   0
3334   1
3335   2
3336   1
3337   1
3338   0
3339   2
3340   3
3341   1
3342   5
3343   1
3344   1
3345   1
3346   3
3347   1
3348   2
3349   1
3350   4
3351   1
3352   1
3353   0
3354   4
3355   2
3356   0
3357   0
3358   0
3359   0
3360   1
3361   0
3362   2
3363   1
3364   0
3365   0
3366   0
3367   1
3368   1
3369   1
3370   0
3371   1
3372   1
3373   2
3374   3
3375   1
3376   2
3377   2
3378   2
3379   2
3380   1
3381   0
3382   2
3383   0
3384   2
3385   2
3386   0
3387   1
3388   1
3389   1
3390   1
3391   1
3392   1
3393   0
3394   0
3395   2
3396   2
3397   0
3398   2
3399   0
3400   2
3401   3
3402   1
3403   4
3404   0
3405   1
3406   2
3407   0
3408   0
3409   0
3410   0
3411   1
3412   2
3413   0
3414   0
3415   0
3416   0
3417   0
3418   2
3419   2
3420   0
3421   0
3422   1
3423   1
3424   0
3425   2
3426   1
3427   0
3428   0
3429   1
3430   0
3431   0
3432   0
3433   1
3434   1
3435   1
3436   1
3437   3
3438   0
3439   4
3440   1
3441   1
3442   4
3443   1
3444   6
3445   5
3446   5
3447   9
3448   16
3449   17
3450   29
3451   14
3452   22
3453   20
3454   14
3455   33
3456   22
3457   15
3458   12
3459   10
3460   9
3461   5
3462   4
3463   0
3464   2
3465   3
3466   1
3467   1
3468   0
3469   2
3470   1
3471   0
3472   1
3473   0
3474   1
3475   0
3476   2
3477   4
3478   3
3479   0
3480   1
3481   1
3482   3
3483   3
3484   1
3485   3
3486   0
3487   3
3488   1
3489   1
3490   0
3491   1
3492   0
3493   1
3494   1
3495   1
3496   1
3497   0
3498   1
3499   0
3500   1
3501   2
3502   1
3503   0
3504   1
3505   2
3506   0
3507   2
3508   1
3509   1
3510   2
3511   3
3512   2
3513   1
3514   0
3515   2
3516   3
3517   1
3518   1
3519   1
3520   0
3521   0
3522   2
3523   0
3524   0
3525   1
3526   0
3527   1
3528   0
3529   1
3530   2
3531   1
3532   0
3533   0
3534   0
3535   0
3536   0
3537   0
3538   0
3539   0
3540   1
3541   0
3542   0
3543   2
3544   0
3545   0
3546   0
3547   0
3548   0
3549   1
3550   0
3551   0
3552   0
3553   0
3554   0
3555   0
3556   1
3557   0
3558   1
3559   0
3560   2
3561   3
3562   1
3563   1
3564   2
3565   0
3566   1
3567   0
3568   0
3569   0
3570   0
3571   0
3572   1
3573   1
3574   0
3575   0
3576   1
3577   0
3578   0
3579   0
3580   1
3581   0
3582   1
3583   0
3584   0
3585   1
3586   0
3587   0
3588   0
3589   0
3590   1
3591   0
3592   0
3593   0
3594   0
3595   0
3596   0
3597   0
3598   0
3599   0
3600   1
3601   0
3602   0
3603   0
3604   0
3605   2
3606   0
3607   1
3608   1
3609   0
3610   1
3611   2
3612   0
3613   0
3614   0
3615   2
3616   0
3617   0
3618   1
3619   3
3620   1
3621   1
3622   2
3623   5
3624   1
3625   0
3626   0
3627   1
3628   2
3629   0
3630   1
3631   0
3632   4
3633   1
3634   1
3635   2
3636   1
3637   0
3638   1
3639   0
3640   3
3641   4
3642   1
3643   1
3644   1
3645   2
3646   2
3647   0
3648   1
3649   0
3650   1
3651   1
3652   1
3653   2
3654   1
3655   1
3656   1
3657   4
3658   5
3659   5
3660   8
3661   10
3662   12
3663   16
3664   12
3665   21
3666   30
3667   42
3668   45
3669   45
3670   60
3671   54
3672   48
3673   53
3674   41
3675   43
3676   39
3677   24
3678   34
3679   26
3680   15
3681   11
3682   14
3683   4
3684   6
3685   2
3686   5
3687   2
3688   3
3689   1
3690   0
3691   0
3692   1
3693   2
3694   2
3695   1
3696   3
3697   3
3698   4
3699   0
3700   1
3701   4
3702   0
3703   0
3704   1
3705   0
3706   0
3707   1
3708   0
3709   0
3710   0
3711   0
3712   1
3713   0
3714   0
3715   0
3716   1
3717   0
3718   0
3719   0
3720   0
3721   0
3722   0
3723   2
3724   0
3725   2
3726   0
3727   0
3728   2
3729   1
3730   0
3731   0
3732   0
3733   1
3734   0
3735   0
3736   0
3737   0
3738   0
3739   0
3740   0
3741   0
3742   0
3743   0
3744   0
3745   1
3746   3
3747   2
3748   0
3749   0
3750   1
3751   2
3752   1
3753   1
3754   1
3755   1
3756   2
3757   2
3758   2
3759   1
3760   3
3761   3
3762   5
3763   3
3764   4
3765   3
3766   1
3767   2
3768   0
3769   0
3770   1
3771   2
3772   2
3773   1
3774   0
3775   0
3776   0
3777   0
3778   0
3779   1
3780   2
3781   0
3782   3
3783   1
3784   0
3785   1
3786   0
3787   0
3788   1
3789   0
3790   0
3791   0
3792   0
3793   1
3794   1
3795   0
3796   2
3797   0
3798   0
3799   0
3800   0
3801   1
3802   0
3803   1
3804   0
3805   1
3806   2
3807   2
3808   1
3809   0
3810   1
3811   1
3812   0
3813   0
3814   0
3815   2
3816   1
3817   2
3818   1
3819   2
3820   1
3821   2
3822   1
3823   1
3824   0
3825   0
3826   0
3827   0
3828   0
3829   0
3830   0
3831   0
3832   0
3833   0
3834   0
3835   0
3836   1
3837   1
3838   0
3839   0
3840   2
3841   0
3842   2
3843   0
3844   3
3845   0
3846   0
3847   1
3848   0
3849   1
3850   0
3851   2
3852   0
3853   0
3854   0
3855   1
3856   0
3857   0
3858   0
3859   0
3860   0
3861   1
3862   1
3863   0
3864   0
3865   0
3866   0
3867   1
3868   0
3869   3
3870   2
3871   3
3872   1
3873   0
3874   0
3875   2
3876   1
3877   0
3878   2
3879   2
3880   0
3881   0
3882   0
3883   0
3884   0
3885   0
3886   1
3887   0
3888   0
3889   1
3890   1
3891   2
3892   0
3893   2
3894   0
3895   0
3896   1
3897   1
3898   0
3899   0
3900   0
3901   0
3902   0
3903   1
3904   0
3905   1
3906   0
3907   1
3908   1
3909   2
3910   0
3911   0
3912   0
3913   1
3914   0
3915   0
3916   0
3917   0
3918   0
3919   0
3920   0
3921   0
3922   1
3923   1
3924   0
3925   0
3926   0
3927   1
3928   5
3929   0
3930   2
3931   1
3932   1
3933   1
3934   0
3935   1
3936   0
3937   0
3938   0
3939   1
3940   2
3941   0
3942   0
3943   2
3944   3
3945   0
3946   5
3947   1
3948   3
3949   1
3950   3
3951   0
3952   1
3953   0
3954   2
3955   0
3956   1
3957   0
3958   0
3959   0
3960   0
3961   0
3962   0
3963   0
3964   0
3965   2
3966   1
3967   2
3968   2
3969   1
3970   7
3971   9
3972   20
3973   14
3974   7
3975   11
3976   11
3977   8
3978   4
3979   7
3980   3
3981   6
3982   2
3983   5
3984   0
3985   2
3986   1
3987   4
3988   1
3989   2
3990   2
3991   1
3992   5
3993   0
3994   3
3995   1
3996   1
3997   0
3998   5
3999   2
4000   1
4001   0
4002   1
4003   1
4004   1
4005   3
4006   0
4007   0
4008   0
4009   1
4010   1
4011   2
4012   0
4013   0
4014   3
4015   3
4016   3
4017   0
4018   2
4019   1
4020   4
4021   1
4022   2
4023   3
4024   3
4025   4
4026   1
4027   3
4028   3
4029   1
4030   2
4031   2
4032   4
4033   0
4034   0
4035   1
4036   1
4037   0
4038   1
4039   1
4040   0
4041   0
4042   0
4043   0
4044   1
4045   0
4046   0
4047   0
4048   0
4049   0
4050   0
4051   1
4052   0
4053   0
4054   0
4055   0
4056   0
4057   0
4058   1
4059   3
4060   2
4061   0
4062   0
4063   0
4064   0
4065   0
4066   2
4067   1
4068   1
4069   3
4070   0
4071   0
4072   0
4073   0
4074   0
4075   0
4076   0
4077   0
4078   0
4079   0
4080   0
4081   0
4082   0
4083   0
4084   0
4085   0
4086   0
4087   0
4088   0
4089   0
4090   0
4091   1
4092   0
4093   0
4094   0
4095   560
