0   0
1   0
2   0
3   0
4   0
5   0
6   0
7   0
8   0
9   0
10   0
11   0
12   0
13   0
14   0
15   0
16   0
17   0
18   0
19   0
20   0
21   0
22   0
23   0
24   0
25   0
26   0
27   0
28   0
29   0
30   0
31   0
32   0
33   0
34   0
35   0
36   0
37   0
38   0
39   0
40   0
41   0
42   0
43   0
44   0
45   0
46   0
47   0
48   0
49   0
50   0
51   0
52   0
53   0
54   0
55   0
56   0
57   0
58   0
59   0
60   0
61   0
62   0
63   0
64   0
65   0
66   0
67   0
68   0
69   0
70   0
71   0
72   0
73   0
74   0
75   0
76   0
77   0
78   0
79   0
80   0
81   0
82   0
83   0
84   0
85   0
86   0
87   0
88   0
89   0
90   0
91   0
92   0
93   0
94   0
95   0
96   0
97   0
98   0
99   0
100   33
101   7153
102   26727
103   5918
104   76
105   0
106   0
107   0
108   0
109   0
110   0
111   0
112   0
113   0
114   0
115   0
116   0
117   0
118   0
119   0
120   0
121   0
122   0
123   0
124   0
125   0
126   0
127   0
128   0
129   0
130   0
131   0
132   0
133   0
134   0
135   0
136   0
137   0
138   0
139   0
140   0
141   0
142   0
143   0
144   0
145   0
146   0
147   0
148   0
149   0
150   0
151   0
152   0
153   0
154   0
155   0
156   0
157   0
158   0
159   0
160   0
161   0
162   0
163   0
164   0
165   0
166   0
167   0
168   0
169   0
170   0
171   0
172   0
173   0
174   0
175   0
176   0
177   0
178   0
179   0
180   0
181   0
182   0
183   0
184   0
185   0
186   0
187   0
188   0
189   0
190   0
191   0
192   0
193   0
194   0
195   0
196   0
197   0
198   0
199   0
200   0
201   0
202   0
203   0
204   0
205   0
206   0
207   0
208   0
209   0
210   0
211   0
212   0
213   0
214   0
215   0
216   0
217   0
218   0
219   0
220   0
221   0
222   0
223   0
224   0
225   0
226   0
227   0
228   0
229   0
230   0
231   0
232   0
233   0
234   0
235   0
236   0
237   0
238   0
239   0
240   0
241   0
242   0
243   0
244   0
245   0
246   0
247   0
248   0
249   0
250   0
251   0
252   0
253   0
254   0
255   0
256   0
257   0
258   0
259   0
260   0
261   0
262   0
263   0
264   0
265   0
266   0
267   0
268   0
269   0
270   0
271   0
272   0
273   0
274   0
275   0
276   0
277   0
278   0
279   0
280   0
281   0
282   0
283   0
284   0
285   0
286   0
287   0
288   0
289   0
290   0
291   0
292   0
293   0
294   0
295   0
296   0
297   0
298   0
299   0
300   0
301   0
302   0
303   0
304   0
305   0
306   0
307   0
308   0
309   0
310   0
311   0
312   0
313   0
314   0
315   0
316   0
317   0
318   1
319   1
320   1
321   3
322   1
323   0
324   1
325   1
326   2
327   1
328   2
329   0
330   0
331   2
332   0
333   0
334   1
335   0
336   1
337   0
338   0
339   0
340   0
341   1
342   0
343   1
344   1
345   1
346   0
347   1
348   0
349   1
350   1
351   2
352   0
353   1
354   0
355   1
356   1
357   2
358   0
359   0
360   0
361   1
362   0
363   1
364   0
365   0
366   0
367   0
368   0
369   1
370   1
371   1
372   1
373   1
374   0
375   0
376   1
377   0
378   1
379   0
380   0
381   0
382   0
383   1
384   0
385   0
386   0
387   1
388   0
389   1
390   0
391   0
392   0
393   0
394   1
395   0
396   0
397   0
398   0
399   1
400   0
401   2
402   1
403   1
404   0
405   0
406   0
407   1
408   0
409   0
410   0
411   2
412   0
413   0
414   0
415   0
416   0
417   0
418   0
419   0
420   0
421   0
422   1
423   0
424   0
425   1
426   0
427   0
428   0
429   0
430   1
431   1
432   0
433   0
434   0
435   2
436   0
437   0
438   0
439   0
440   0
441   0
442   0
443   0
444   0
445   0
446   0
447   0
448   0
449   0
450   0
451   0
452   0
453   0
454   1
455   1
456   0
457   0
458   0
459   0
460   0
461   0
462   0
463   0
464   0
465   0
466   0
467   1
468   0
469   0
470   0
471   0
472   0
473   0
474   0
475   0
476   0
477   0
478   0
479   1
480   0
481   1
482   0
483   0
484   0
485   0
486   0
487   1
488   0
489   0
490   0
491   0
492   1
493   0
494   0
495   0
496   0
497   0
498   0
499   0
500   0
501   0
502   0
503   0
504   0
505   0
506   0
507   0
508   0
509   0
510   0
511   0
512   0
513   0
514   0
515   0
516   0
517   0
518   0
519   1
520   0
521   0
522   0
523   0
524   0
525   0
526   0
527   0
528   0
529   0
530   0
531   1
532   0
533   0
534   0
535   0
536   0
537   0
538   0
539   0
540   0
541   0
542   0
543   0
544   0
545   0
546   0
547   0
548   0
549   0
550   0
551   0
552   0
553   1
554   0
555   0
556   0
557   0
558   0
559   0
560   1
561   0
562   0
563   0
564   0
565   0
566   0
567   0
568   1
569   0
570   0
571   1
572   0
573   0
574   0
575   0
576   0
577   0
578   0
579   0
580   1
581   2
582   2
583   1
584   0
585   2
586   1
587   3
588   4
589   3
590   4
591   0
592   1
593   1
594   1
595   0
596   1
597   1
598   0
599   2
600   0
601   0
602   0
603   1
604   0
605   1
606   1
607   1
608   1
609   0
610   1
611   4
612   1
613   0
614   0
615   4
616   3
617   1
618   0
619   0
620   2
621   5
622   5
623   6
624   8
625   2
626   10
627   14
628   13
629   10
630   13
631   9
632   7
633   5
634   4
635   4
636   4
637   0
638   4
639   1
640   2
641   1
642   3
643   5
644   1
645   4
646   5
647   1
648   2
649   5
650   6
651   2
652   4
653   7
654   8
655   1
656   4
657   6
658   2
659   3
660   3
661   3
662   6
663   2
664   3
665   4
666   3
667   5
668   1
669   3
670   6
671   5
672   6
673   4
674   4
675   5
676   9
677   7
678   10
679   19
680   14
681   11
682   17
683   13
684   17
685   11
686   8
687   10
688   9
689   13
690   6
691   13
692   15
693   18
694   21
695   20
696   18
697   28
698   14
699   27
700   25
701   28
702   25
703   27
704   38
705   33
706   32
707   23
708   37
709   49
710   35
711   39
712   45
713   50
714   49
715   46
716   46
717   50
718   30
719   34
720   16
721   18
722   14
723   10
724   4
725   10
726   6
727   12
728   7
729   9
730   7
731   10
732   6
733   7
734   7
735   5
736   6
737   10
738   9
739   7
740   10
741   12
742   15
743   12
744   13
745   9
746   10
747   17
748   8
749   11
750   5
751   12
752   13
753   4
754   14
755   5
756   12
757   13
758   12
759   11
760   11
761   14
762   8
763   12
764   10
765   13
766   17
767   19
768   9
769   12
770   24
771   14
772   12
773   13
774   23
775   21
776   12
777   25
778   11
779   24
780   11
781   17
782   15
783   15
784   29
785   20
786   19
787   19
788   14
789   28
790   16
791   18
792   14
793   21
794   30
795   24
796   24
797   23
798   22
799   27
800   23
801   26
802   21
803   25
804   24
805   30
806   26
807   29
808   30
809   29
810   18
811   35
812   29
813   25
814   35
815   31
816   32
817   50
818   50
819   42
820   57
821   63
822   59
823   73
824   65
825   66
826   63
827   57
828   57
829   52
830   54
831   57
832   49
833   51
834   51
835   46
836   48
837   61
838   51
839   53
840   45
841   70
842   59
843   76
844   56
845   73
846   69
847   64
848   81
849   84
850   92
851   76
852   78
853   97
854   97
855   102
856   81
857   90
858   142
859   119
860   138
861   128
862   147
863   140
864   139
865   198
866   179
867   191
868   200
869   179
870   223
871   262
872   281
873   294
874   301
875   307
876   365
877   407
878   419
879   438
880   433
881   456
882   439
883   463
884   445
885   474
886   438
887   416
888   387
889   377
890   408
891   348
892   323
893   321
894   269
895   250
896   247
897   223
898   210
899   199
900   165
901   144
902   157
903   122
904   120
905   114
906   93
907   83
908   86
909   82
910   65
911   56
912   63
913   67
914   62
915   48
916   37
917   38
918   48
919   36
920   26
921   33
922   35
923   28
924   30
925   31
926   19
927   16
928   14
929   23
930   14
931   12
932   17
933   15
934   15
935   13
936   14
937   19
938   19
939   14
940   14
941   7
942   11
943   11
944   8
945   7
946   7
947   4
948   11
949   5
950   6
951   4
952   7
953   12
954   3
955   5
956   4
957   5
958   4
959   3
960   4
961   2
962   7
963   3
964   3
965   7
966   6
967   2
968   4
969   1
970   10
971   5
972   5
973   6
974   2
975   4
976   4
977   1
978   5
979   3
980   4
981   6
982   4
983   4
984   0
985   1
986   0
987   1
988   3
989   4
990   4
991   3
992   1
993   6
994   6
995   1
996   5
997   3
998   8
999   12
1000   10
1001   13
1002   13
1003   10
1004   16
1005   12
1006   13
1007   13
1008   11
1009   10
1010   11
1011   7
1012   6
1013   4
1014   4
1015   7
1016   1
1017   3
1018   3
1019   1
1020   1
1021   2
1022   1
1023   0
1024   4
1025   1
1026   2
1027   1
1028   2
1029   1
1030   2
1031   1
1032   2
1033   1
1034   1
1035   0
1036   1
1037   2
1038   0
1039   1
1040   2
1041   1
1042   1
1043   2
1044   2
1045   0
1046   1
1047   1
1048   2
1049   1
1050   0
1051   2
1052   0
1053   0
1054   2
1055   3
1056   0
1057   4
1058   2
1059   6
1060   7
1061   5
1062   5
1063   5
1064   3
1065   5
1066   4
1067   4
1068   4
1069   2
1070   1
1071   1
1072   1
1073   0
1074   0
1075   3
1076   0
1077   2
1078   0
1079   1
1080   1
1081   3
1082   0
1083   1
1084   2
1085   1
1086   2
1087   0
1088   0
1089   1
1090   2
1091   2
1092   0
1093   1
1094   1
1095   1
1096   2
1097   0
1098   0
1099   0
1100   0
1101   0
1102   2
1103   3
1104   3
1105   1
1106   6
1107   1
1108   1
1109   3
1110   2
1111   8
1112   3
1113   1
1114   3
1115   1
1116   3
1117   3
1118   2
1119   3
1120   4
1121   1
1122   3
1123   1
1124   1
1125   2
1126   5
1127   5
1128   4
1129   2
1130   2
1131   5
1132   0
1133   2
1134   0
1135   3
1136   2
1137   2
1138   0
1139   2
1140   2
1141   1
1142   1
1143   3
1144   1
1145   1
1146   1
1147   1
1148   0
1149   0
1150   3
1151   3
1152   0
1153   0
1154   1
1155   2
1156   0
1157   1
1158   3
1159   0
1160   3
1161   3
1162   4
1163   1
1164   4
1165   6
1166   14
1167   16
1168   15
1169   12
1170   16
1171   25
1172   23
1173   24
1174   37
1175   36
1176   40
1177   45
1178   33
1179   34
1180   30
1181   23
1182   18
1183   11
1184   9
1185   9
1186   8
1187   6
1188   4
1189   7
1190   2
1191   6
1192   5
1193   4
1194   3
1195   6
1196   3
1197   3
1198   5
1199   5
1200   3
1201   4
1202   2
1203   2
1204   7
1205   4
1206   2
1207   4
1208   3
1209   5
1210   3
1211   5
1212   3
1213   0
1214   6
1215   5
1216   7
1217   5
1218   3
1219   5
1220   8
1221   10
1222   8
1223   6
1224   4
1225   0
1226   4
1227   4
1228   10
1229   4
1230   6
1231   8
1232   4
1233   11
1234   15
1235   8
1236   13
1237   13
1238   22
1239   29
1240   37
1241   40
1242   53
1243   73
1244   77
1245   92
1246   96
1247   98
1248   88
1249   78
1250   59
1251   69
1252   47
1253   42
1254   18
1255   21
1256   12
1257   12
1258   12
1259   5
1260   5
1261   2
1262   2
1263   5
1264   3
1265   0
1266   0
1267   1
1268   0
1269   0
1270   2
1271   2
1272   0
1273   4
1274   1
1275   3
1276   4
1277   3
1278   1
1279   4
1280   4
1281   1
1282   4
1283   0
1284   5
1285   6
1286   7
1287   4
1288   3
1289   6
1290   4
1291   7
1292   7
1293   9
1294   4
1295   6
1296   11
1297   4
1298   10
1299   12
1300   10
1301   9
1302   16
1303   24
1304   23
1305   26
1306   37
1307   44
1308   50
1309   64
1310   56
1311   61
1312   70
1313   75
1314   62
1315   44
1316   42
1317   43
1318   32
1319   28
1320   34
1321   24
1322   41
1323   44
1324   39
1325   25
1326   32
1327   32
1328   28
1329   26
1330   23
1331   13
1332   7
1333   8
1334   10
1335   2
1336   0
1337   2
1338   3
1339   0
1340   3
1341   3
1342   3
1343   0
1344   2
1345   2
1346   1
1347   2
1348   3
1349   1
1350   2
1351   2
1352   4
1353   5
1354   10
1355   6
1356   9
1357   8
1358   13
1359   18
1360   18
1361   18
1362   22
1363   17
1364   28
1365   6
1366   7
1367   10
1368   5
1369   10
1370   7
1371   3
1372   2
1373   1
1374   2
1375   5
1376   3
1377   4
1378   3
1379   0
1380   4
1381   4
1382   4
1383   3
1384   4
1385   3
1386   3
1387   3
1388   2
1389   4
1390   3
1391   3
1392   2
1393   3
1394   0
1395   4
1396   1
1397   1
1398   6
1399   2
1400   0
1401   1
1402   2
1403   0
1404   1
1405   4
1406   8
1407   5
1408   5
1409   4
1410   12
1411   14
1412   17
1413   17
1414   14
1415   17
1416   24
1417   19
1418   22
1419   16
1420   12
1421   17
1422   17
1423   8
1424   10
1425   9
1426   7
1427   10
1428   5
1429   5
1430   2
1431   2
1432   4
1433   1
1434   5
1435   2
1436   3
1437   2
1438   1
1439   2
1440   3
1441   2
1442   4
1443   2
1444   1
1445   1
1446   2
1447   2
1448   3
1449   7
1450   3
1451   2
1452   3
1453   2
1454   1
1455   4
1456   4
1457   10
1458   9
1459   11
1460   8
1461   6
1462   6
1463   3
1464   6
1465   5
1466   7
1467   6
1468   6
1469   2
1470   9
1471   4
1472   5
1473   2
1474   4
1475   4
1476   8
1477   5
1478   2
1479   7
1480   4
1481   6
1482   4
1483   2
1484   6
1485   8
1486   5
1487   2
1488   2
1489   2
1490   4
1491   1
1492   3
1493   5
1494   1
1495   2
1496   5
1497   2
1498   3
1499   7
1500   4
1501   5
1502   4
1503   1
1504   5
1505   2
1506   3
1507   5
1508   3
1509   14
1510   9
1511   10
1512   8
1513   8
1514   13
1515   18
1516   13
1517   12
1518   8
1519   12
1520   16
1521   15
1522   8
1523   14
1524   8
1525   11
1526   8
1527   6
1528   5
1529   1
1530   5
1531   5
1532   5
1533   6
1534   2
1535   5
1536   4
1537   4
1538   0
1539   0
1540   2
1541   2
1542   1
1543   4
1544   7
1545   2
1546   4
1547   8
1548   6
1549   1
1550   4
1551   0
1552   7
1553   6
1554   2
1555   4
1556   3
1557   2
1558   2
1559   3
1560   6
1561   3
1562   2
1563   4
1564   5
1565   7
1566   6
1567   7
1568   3
1569   4
1570   1
1571   6
1572   5
1573   4
1574   0
1575   1
1576   2
1577   3
1578   3
1579   3
1580   3
1581   3
1582   5
1583   7
1584   6
1585   7
1586   1
1587   10
1588   7
1589   12
1590   14
1591   12
1592   15
1593   11
1594   13
1595   14
1596   16
1597   19
1598   12
1599   15
1600   15
1601   18
1602   31
1603   31
1604   34
1605   38
1606   56
1607   65
1608   90
1609   108
1610   130
1611   183
1612   224
1613   242
1614   264
1615   319
1616   318
1617   329
1618   325
1619   307
1620   293
1621   275
1622   255
1623   200
1624   184
1625   154
1626   110
1627   94
1628   70
1629   55
1630   36
1631   30
1632   32
1633   19
1634   2
1635   7
1636   9
1637   11
1638   7
1639   5
1640   7
1641   5
1642   7
1643   5
1644   2
1645   7
1646   2
1647   1
1648   2
1649   1
1650   4
1651   3
1652   0
1653   1
1654   0
1655   3
1656   0
1657   1
1658   1
1659   2
1660   2
1661   1
1662   1
1663   0
1664   3
1665   2
1666   0
1667   3
1668   0
1669   0
1670   1
1671   3
1672   0
1673   0
1674   3
1675   0
1676   0
1677   1
1678   2
1679   1
1680   1
1681   4
1682   1
1683   1
1684   3
1685   1
1686   1
1687   5
1688   2
1689   2
1690   1
1691   1
1692   0
1693   2
1694   0
1695   2
1696   1
1697   2
1698   1
1699   1
1700   2
1701   1
1702   2
1703   1
1704   2
1705   1
1706   2
1707   1
1708   1
1709   1
1710   3
1711   1
1712   0
1713   4
1714   2
1715   1
1716   0
1717   0
1718   1
1719   1
1720   2
1721   0
1722   1
1723   1
1724   0
1725   0
1726   2
1727   0
1728   3
1729   0
1730   0
1731   1
1732   1
1733   1
1734   1
1735   1
1736   2
1737   2
1738   0
1739   1
1740   7
1741   1
1742   3
1743   2
1744   3
1745   4
1746   7
1747   5
1748   7
1749   5
1750   8
1751   8
1752   18
1753   26
1754   35
1755   30
1756   45
1757   46
1758   55
1759   43
1760   45
1761   38
1762   44
1763   35
1764   38
1765   11
1766   22
1767   12
1768   14
1769   11
1770   13
1771   15
1772   23
1773   26
1774   28
1775   28
1776   37
1777   35
1778   43
1779   43
1780   54
1781   45
1782   45
1783   44
1784   39
1785   33
1786   28
1787   16
1788   24
1789   13
1790   10
1791   8
1792   10
1793   6
1794   6
1795   7
1796   9
1797   5
1798   4
1799   3
1800   2
1801   5
1802   7
1803   3
1804   5
1805   4
1806   7
1807   6
1808   5
1809   3
1810   1
1811   5
1812   2
1813   1
1814   1
1815   0
1816   0
1817   1
1818   2
1819   2
1820   2
1821   2
1822   1
1823   0
1824   2
1825   1
1826   2
1827   2
1828   3
1829   2
1830   3
1831   1
1832   2
1833   1
1834   1
1835   2
1836   1
1837   3
1838   4
1839   4
1840   6
1841   5
1842   6
1843   3
1844   11
1845   8
1846   11
1847   16
1848   27
1849   27
1850   34
1851   38
1852   68
1853   81
1854   92
1855   133
1856   125
1857   140
1858   124
1859   121
1860   110
1861   99
1862   67
1863   70
1864   40
1865   36
1866   34
1867   11
1868   13
1869   13
1870   12
1871   5
1872   3
1873   3
1874   2
1875   0
1876   4
1877   5
1878   3
1879   3
1880   2
1881   6
1882   2
1883   5
1884   2
1885   3
1886   1
1887   1
1888   5
1889   6
1890   2
1891   2
1892   2
1893   2
1894   3
1895   4
1896   1
1897   7
1898   7
1899   4
1900   7
1901   8
1902   5
1903   2
1904   3
1905   2
1906   1
1907   3
1908   4
1909   2
1910   1
1911   1
1912   2
1913   1
1914   1
1915   3
1916   1
1917   4
1918   2
1919   0
1920   1
1921   1
1922   0
1923   1
1924   2
1925   1
1926   0
1927   1
1928   3
1929   1
1930   0
1931   1
1932   3
1933   5
1934   2
1935   0
1936   2
1937   1
1938   1
1939   0
1940   1
1941   0
1942   1
1943   1
1944   3
1945   0
1946   1
1947   1
1948   1
1949   1
1950   2
1951   1
1952   2
1953   0
1954   2
1955   1
1956   0
1957   0
1958   2
1959   0
1960   1
1961   2
1962   1
1963   0
1964   1
1965   2
1966   1
1967   1
1968   0
1969   1
1970   1
1971   0
1972   1
1973   2
1974   0
1975   1
1976   3
1977   1
1978   3
1979   3
1980   1
1981   1
1982   0
1983   0
1984   1
1985   3
1986   2
1987   1
1988   1
1989   0
1990   3
1991   0
1992   3
1993   0
1994   0
1995   6
1996   0
1997   1
1998   3
1999   0
2000   1
2001   0
2002   3
2003   4
2004   6
2005   1
2006   5
2007   6
2008   5
2009   5
2010   8
2011   5
2012   4
2013   7
2014   5
2015   5
2016   2
2017   9
2018   3
2019   3
2020   2
2021   2
2022   1
2023   2
2024   2
2025   1
2026   0
2027   1
2028   2
2029   6
2030   2
2031   6
2032   1
2033   8
2034   4
2035   3
2036   2
2037   2
2038   3
2039   2
2040   2
2041   0
2042   3
2043   5
2044   1
2045   1
2046   0
2047   0
2048   1
2049   2
2050   1
2051   0
2052   3
2053   0
2054   1
2055   2
2056   0
2057   0
2058   1
2059   1
2060   0
2061   0
2062   0
2063   1
2064   1
2065   0
2066   1
2067   1
2068   1
2069   1
2070   0
2071   1
2072   0
2073   2
2074   1
2075   1
2076   1
2077   1
2078   1
2079   2
2080   2
2081   0
2082   2
2083   0
2084   2
2085   1
2086   2
2087   2
2088   0
2089   0
2090   2
2091   0
2092   4
2093   7
2094   4
2095   5
2096   9
2097   8
2098   13
2099   17
2100   20
2101   24
2102   31
2103   39
2104   53
2105   66
2106   46
2107   63
2108   55
2109   56
2110   55
2111   35
2112   29
2113   19
2114   15
2115   16
2116   10
2117   7
2118   2
2119   1
2120   4
2121   7
2122   2
2123   1
2124   3
2125   0
2126   1
2127   4
2128   1
2129   1
2130   0
2131   2
2132   0
2133   2
2134   2
2135   0
2136   0
2137   0
2138   1
2139   1
2140   0
2141   4
2142   1
2143   0
2144   0
2145   0
2146   2
2147   1
2148   3
2149   0
2150   3
2151   0
2152   4
2153   4
2154   2
2155   0
2156   0
2157   1
2158   1
2159   2
2160   1
2161   3
2162   2
2163   1
2164   1
2165   3
2166   1
2167   0
2168   2
2169   1
2170   0
2171   0
2172   1
2173   0
2174   1
2175   1
2176   1
2177   0
2178   3
2179   1
2180   3
2181   3
2182   3
2183   0
2184   4
2185   2
2186   3
2187   2
2188   4
2189   4
2190   13
2191   14
2192   7
2193   17
2194   21
2195   22
2196   29
2197   31
2198   31
2199   41
2200   54
2201   53
2202   46
2203   49
2204   41
2205   37
2206   23
2207   36
2208   12
2209   14
2210   15
2211   10
2212   3
2213   5
2214   4
2215   6
2216   6
2217   3
2218   5
2219   1
2220   0
2221   4
2222   2
2223   2
2224   2
2225   6
2226   0
2227   1
2228   5
2229   2
2230   2
2231   2
2232   1
2233   1
2234   3
2235   2
2236   3
2237   1
2238   4
2239   6
2240   4
2241   6
2242   9
2243   11
2244   4
2245   13
2246   20
2247   13
2248   16
2249   14
2250   17
2251   18
2252   23
2253   34
2254   35
2255   35
2256   43
2257   39
2258   44
2259   41
2260   39
2261   20
2262   15
2263   14
2264   8
2265   11
2266   6
2267   7
2268   4
2269   3
2270   3
2271   5
2272   1
2273   4
2274   5
2275   2
2276   3
2277   2
2278   2
2279   4
2280   3
2281   5
2282   4
2283   0
2284   3
2285   6
2286   3
2287   6
2288   6
2289   6
2290   6
2291   2
2292   8
2293   4
2294   10
2295   7
2296   11
2297   5
2298   2
2299   8
2300   4
2301   11
2302   11
2303   5
2304   7
2305   14
2306   10
2307   11
2308   9
2309   8
2310   10
2311   7
2312   10
2313   17
2314   21
2315   25
2316   30
2317   42
2318   38
2319   35
2320   34
2321   36
2322   44
2323   32
2324   21
2325   32
2326   19
2327   27
2328   19
2329   27
2330   22
2331   32
2332   43
2333   41
2334   50
2335   32
2336   54
2337   58
2338   58
2339   67
2340   62
2341   47
2342   47
2343   44
2344   52
2345   65
2346   72
2347   79
2348   94
2349   119
2350   161
2351   179
2352   235
2353   281
2354   347
2355   425
2356   581
2357   657
2358   921
2359   1076
2360   1486
2361   1806
2362   2292
2363   3015
2364   3707
2365   4468
2366   5203
2367   6020
2368   6924
2369   7265
2370   7234
2371   6817
2372   6049
2373   5028
2374   3947
2375   2821
2376   1911
2377   1354
2378   866
2379   591
2380   437
2381   307
2382   261
2383   217
2384   177
2385   159
2386   120
2387   105
2388   93
2389   66
2390   56
2391   40
2392   50
2393   29
2394   31
2395   28
2396   26
2397   28
2398   14
2399   22
2400   19
2401   17
2402   12
2403   16
2404   19
2405   25
2406   16
2407   28
2408   29
2409   50
2410   42
2411   36
2412   45
2413   41
2414   55
2415   47
2416   30
2417   24
2418   28
2419   28
2420   10
2421   14
2422   11
2423   3
2424   6
2425   2
2426   2
2427   5
2428   1
2429   3
2430   3
2431   2
2432   2
2433   0
2434   1
2435   2
2436   1
2437   0
2438   1
2439   0
2440   1
2441   2
2442   2
2443   0
2444   2
2445   0
2446   0
2447   1
2448   0
2449   0
2450   0
2451   1
2452   0
2453   1
2454   0
2455   1
2456   1
2457   0
2458   0
2459   1
2460   0
2461   0
2462   1
2463   0
2464   0
2465   0
2466   1
2467   1
2468   0
2469   0
2470   1
2471   0
2472   0
2473   0
2474   0
2475   1
2476   0
2477   0
2478   0
2479   2
2480   0
2481   3
2482   1
2483   0
2484   1
2485   0
2486   0
2487   0
2488   0
2489   0
2490   0
2491   1
2492   0
2493   0
2494   0
2495   2
2496   1
2497   0
2498   1
2499   0
2500   2
2501   0
2502   0
2503   0
2504   0
2505   1
2506   0
2507   1
2508   1
2509   0
2510   0
2511   2
2512   0
2513   0
2514   0
2515   0
2516   1
2517   0
2518   1
2519   0
2520   1
2521   0
2522   0
2523   1
2524   0
2525   1
2526   0
2527   2
2528   0
2529   0
2530   0
2531   0
2532   1
2533   1
2534   1
2535   0
2536   1
2537   0
2538   1
2539   2
2540   0
2541   0
2542   0
2543   0
2544   2
2545   0
2546   0
2547   1
2548   0
2549   0
2550   0
2551   0
2552   1
2553   1
2554   1
2555   3
2556   0
2557   3
2558   0
2559   0
2560   2
2561   3
2562   2
2563   1
2564   2
2565   7
2566   8
2567   8
2568   14
2569   18
2570   21
2571   28
2572   39
2573   60
2574   88
2575   84
2576   105
2577   113
2578   127
2579   143
2580   159
2581   148
2582   126
2583   107
2584   109
2585   65
2586   55
2587   45
2588   26
2589   17
2590   9
2591   15
2592   6
2593   4
2594   5
2595   5
2596   5
2597   4
2598   4
2599   1
2600   3
2601   4
2602   1
2603   1
2604   1
2605   0
2606   2
2607   1
2608   1
2609   0
2610   1
2611   3
2612   0
2613   0
2614   1
2615   0
2616   1
2617   0
2618   1
2619   1
2620   0
2621   0
2622   0
2623   1
2624   0
2625   0
2626   0
2627   1
2628   0
2629   0
2630   1
2631   1
2632   1
2633   0
2634   0
2635   0
2636   0
2637   1
2638   1
2639   0
2640   0
2641   0
2642   0
2643   1
2644   1
2645   0
2646   1
2647   1
2648   2
2649   1
2650   1
2651   0
2652   1
2653   0
2654   3
2655   0
2656   1
2657   2
2658   1
2659   0
2660   0
2661   1
2662   3
2663   0
2664   3
2665   3
2666   2
2667   1
2668   3
2669   4
2670   8
2671   8
2672   14
2673   10
2674   14
2675   20
2676   37
2677   35
2678   33
2679   48
2680   48
2681   46
2682   61
2683   54
2684   44
2685   26
2686   21
2687   15
2688   6
2689   8
2690   3
2691   1
2692   2
2693   1
2694   3
2695   0
2696   1
2697   1
2698   1
2699   0
2700   2
2701   2
2702   2
2703   3
2704   1
2705   0
2706   0
2707   2
2708   0
2709   1
2710   1
2711   2
2712   1
2713   0
2714   0
2715   1
2716   0
2717   0
2718   1
2719   1
2720   2
2721   3
2722   3
2723   6
2724   3
2725   3
2726   7
2727   6
2728   9
2729   15
2730   18
2731   16
2732   11
2733   16
2734   16
2735   8
2736   13
2737   12
2738   7
2739   5
2740   9
2741   5
2742   6
2743   3
2744   5
2745   1
2746   2
2747   0
2748   2
2749   3
2750   2
2751   0
2752   2
2753   0
2754   0
2755   3
2756   0
2757   1
2758   0
2759   0
2760   0
2761   0
2762   1
2763   0
2764   1
2765   0
2766   0
2767   0
2768   0
2769   0
2770   1
2771   0
2772   0
2773   0
2774   2
2775   1
2776   1
2777   1
2778   1
2779   1
2780   1
2781   2
2782   1
2783   2
2784   3
2785   3
2786   1
2787   2
2788   5
2789   9
2790   5
2791   14
2792   12
2793   23
2794   12
2795   20
2796   20
2797   19
2798   13
2799   20
2800   17
2801   18
2802   12
2803   7
2804   7
2805   8
2806   7
2807   3
2808   3
2809   2
2810   2
2811   1
2812   0
2813   0
2814   0
2815   3
2816   0
2817   0
2818   0
2819   0
2820   0
2821   1
2822   0
2823   0
2824   0
2825   0
2826   0
2827   0
2828   0
2829   0
2830   1
2831   0
2832   0
2833   0
2834   0
2835   0
2836   1
2837   0
2838   0
2839   0
2840   0
2841   0
2842   1
2843   0
2844   0
2845   0
2846   0
2847   0
2848   0
2849   0
2850   0
2851   0
2852   1
2853   0
2854   0
2855   0
2856   0
2857   0
2858   0
2859   1
2860   0
2861   0
2862   0
2863   3
2864   0
2865   0
2866   0
2867   0
2868   0
2869   0
2870   0
2871   1
2872   0
2873   0
2874   0
2875   0
2876   0
2877   1
2878   0
2879   0
2880   0
2881   0
2882   0
2883   0
2884   0
2885   0
2886   0
2887   0
2888   0
2889   2
2890   0
2891   0
2892   0
2893   0
2894   1
2895   0
2896   1
2897   0
2898   0
2899   0
2900   1
2901   1
2902   0
2903   0
2904   0
2905   0
2906   0
2907   0
2908   2
2909   1
2910   0
2911   1
2912   2
2913   0
2914   0
2915   1
2916   1
2917   1
2918   0
2919   0
2920   1
2921   0
2922   0
2923   0
2924   1
2925   0
2926   1
2927   0
2928   0
2929   0
2930   0
2931   0
2932   0
2933   0
2934   0
2935   0
2936   0
2937   0
2938   0
2939   0
2940   1
2941   0
2942   1
2943   1
2944   4
2945   0
2946   3
2947   4
2948   1
2949   2
2950   2
2951   2
2952   1
2953   4
2954   17
2955   13
2956   12
2957   11
2958   21
2959   27
2960   35
2961   34
2962   43
2963   30
2964   20
2965   21
2966   17
2967   11
2968   15
2969   7
2970   8
2971   3
2972   4
2973   1
2974   3
2975   1
2976   1
2977   0
2978   1
2979   1
2980   1
2981   0
2982   1
2983   0
2984   4
2985   0
2986   1
2987   0
2988   0
2989   1
2990   0
2991   0
2992   1
2993   0
2994   0
2995   0
2996   0
2997   0
2998   0
2999   0
3000   0
3001   0
3002   1
3003   1
3004   0
3005   0
3006   0
3007   0
3008   0
3009   0
3010   0
3011   0
3012   0
3013   0
3014   0
3015   1
3016   0
3017   0
3018   0
3019   1
3020   2
3021   0
3022   0
3023   0
3024   1
3025   0
3026   0
3027   0
3028   1
3029   0
3030   2
3031   0
3032   0
3033   0
3034   0
3035   0
3036   1
3037   0
3038   0
3039   0
3040   0
3041   0
3042   0
3043   1
3044   0
3045   0
3046   1
3047   1
3048   0
3049   0
3050   0
3051   0
3052   1
3053   0
3054   0
3055   1
3056   2
3057   0
3058   0
3059   1
3060   0
3061   0
3062   0
3063   0
3064   1
3065   0
3066   0
3067   0
3068   0
3069   0
3070   1
3071   1
3072   0
3073   0
3074   0
3075   0
3076   0
3077   0
3078   0
3079   1
3080   0
3081   0
3082   0
3083   1
3084   1
3085   0
3086   0
3087   0
3088   2
3089   0
3090   1
3091   0
3092   1
3093   2
3094   1
3095   0
3096   1
3097   0
3098   2
3099   2
3100   0
3101   1
3102   1
3103   2
3104   1
3105   0
3106   1
3107   0
3108   0
3109   1
3110   0
3111   0
3112   1
3113   0
3114   1
3115   0
3116   0
3117   2
3118   0
3119   0
3120   0
3121   0
3122   1
3123   0
3124   1
3125   0
3126   0
3127   2
3128   0
3129   4
3130   0
3131   1
3132   0
3133   1
3134   1
3135   0
3136   1
3137   1
3138   2
3139   0
3140   0
3141   0
3142   0
3143   0
3144   0
3145   2
3146   0
3147   0
3148   0
3149   1
3150   1
3151   0
3152   0
3153   0
3154   0
3155   0
3156   0
3157   1
3158   1
3159   1
3160   1
3161   0
3162   0
3163   0
3164   0
3165   0
3166   0
3167   0
3168   0
3169   0
3170   0
3171   1
3172   0
3173   0
3174   2
3175   1
3176   1
3177   0
3178   0
3179   1
3180   0
3181   1
3182   1
3183   0
3184   0
3185   0
3186   1
3187   0
3188   1
3189   1
3190   0
3191   0
3192   0
3193   0
3194   0
3195   0
3196   1
3197   2
3198   0
3199   0
3200   0
3201   0
3202   0
3203   3
3204   2
3205   0
3206   0
3207   0
3208   2
3209   0
3210   1
3211   0
3212   3
3213   0
3214   1
3215   1
3216   3
3217   1
3218   1
3219   0
3220   1
3221   0
3222   1
3223   0
3224   0
3225   0
3226   1
3227   0
3228   0
3229   1
3230   0
3231   0
3232   0
3233   0
3234   0
3235   0
3236   0
3237   0
3238   0
3239   0
3240   0
3241   0
3242   0
3243   2
3244   1
3245   0
3246   0
3247   1
3248   0
3249   0
3250   1
3251   1
3252   1
3253   0
3254   1
3255   0
3256   0
3257   0
3258   1
3259   0
3260   0
3261   0
3262   2
3263   1
3264   1
3265   0
3266   0
3267   1
3268   1
3269   1
3270   0
3271   0
3272   0
3273   0
3274   0
3275   0
3276   0
3277   1
3278   2
3279   0
3280   0
3281   0
3282   1
3283   0
3284   0
3285   1
3286   1
3287   1
3288   1
3289   1
3290   1
3291   0
3292   1
3293   1
3294   0
3295   0
3296   0
3297   0
3298   0
3299   0
3300   0
3301   0
3302   0
3303   1
3304   0
3305   1
3306   0
3307   0
3308   0
3309   1
3310   0
3311   0
3312   1
3313   0
3314   0
3315   0
3316   0
3317   1
3318   0
3319   1
3320   0
3321   0
3322   0
3323   2
3324   1
3325   1
3326   2
3327   2
3328   1
3329   1
3330   1
3331   1
3332   1
3333   4
3334   4
3335   6
3336   5
3337   9
3338   10
3339   12
3340   9
3341   10
3342   18
3343   29
3344   19
3345   19
3346   23
3347   21
3348   14
3349   13
3350   6
3351   2
3352   3
3353   2
3354   2
3355   2
3356   2
3357   1
3358   0
3359   0
3360   0
3361   0
3362   0
3363   1
3364   0
3365   2
3366   1
3367   0
3368   0
3369   1
3370   0
3371   2
3372   0
3373   0
3374   0
3375   0
3376   1
3377   1
3378   0
3379   0
3380   0
3381   0
3382   0
3383   0
3384   1
3385   2
3386   0
3387   1
3388   0
3389   2
3390   3
3391   2
3392   0
3393   1
3394   0
3395   1
3396   0
3397   0
3398   1
3399   0
3400   0
3401   0
3402   0
3403   0
3404   0
3405   1
3406   0
3407   0
3408   1
3409   1
3410   1
3411   1
3412   0
3413   0
3414   0
3415   1
3416   0
3417   0
3418   0
3419   0
3420   0
3421   0
3422   1
3423   1
3424   0
3425   0
3426   0
3427   1
3428   0
3429   0
3430   0
3431   1
3432   0
3433   0
3434   0
3435   0
3436   0
3437   0
3438   0
3439   0
3440   0
3441   0
3442   0
3443   0
3444   0
3445   0
3446   0
3447   0
3448   0
3449   1
3450   0
3451   1
3452   0
3453   1
3454   0
3455   2
3456   0
3457   0
3458   0
3459   1
3460   0
3461   0
3462   0
3463   0
3464   1
3465   0
3466   0
3467   2
3468   0
3469   1
3470   0
3471   0
3472   2
3473   1
3474   1
3475   0
3476   1
3477   0
3478   1
3479   1
3480   0
3481   0
3482   0
3483   0
3484   0
3485   1
3486   0
3487   0
3488   0
3489   0
3490   1
3491   1
3492   0
3493   0
3494   1
3495   0
3496   0
3497   0
3498   0
3499   0
3500   1
3501   0
3502   0
3503   0
3504   0
3505   0
3506   1
3507   2
3508   0
3509   0
3510   0
3511   1
3512   0
3513   0
3514   0
3515   1
3516   0
3517   0
3518   0
3519   1
3520   0
3521   0
3522   2
3523   0
3524   0
3525   2
3526   0
3527   2
3528   1
3529   1
3530   4
3531   1
3532   1
3533   2
3534   1
3535   2
3536   0
3537   1
3538   1
3539   1
3540   0
3541   0
3542   0
3543   1
3544   2
3545   2
3546   0
3547   1
3548   0
3549   0
3550   1
3551   0
3552   0
3553   0
3554   0
3555   0
3556   0
3557   0
3558   1
3559   2
3560   0
3561   0
3562   0
3563   2
3564   1
3565   1
3566   1
3567   3
3568   0
3569   3
3570   4
3571   3
3572   7
3573   10
3574   11
3575   13
3576   15
3577   13
3578   15
3579   18
3580   24
3581   23
3582   17
3583   19
3584   24
3585   22
3586   15
3587   11
3588   6
3589   5
3590   3
3591   3
3592   3
3593   3
3594   0
3595   1
3596   2
3597   1
3598   1
3599   0
3600   0
3601   2
3602   0
3603   0
3604   0
3605   1
3606   1
3607   0
3608   0
3609   1
3610   1
3611   0
3612   0
3613   0
3614   1
3615   0
3616   1
3617   0
3618   0
3619   0
3620   0
3621   0
3622   0
3623   0
3624   0
3625   0
3626   1
3627   0
3628   0
3629   0
3630   0
3631   0
3632   0
3633   0
3634   0
3635   0
3636   0
3637   0
3638   0
3639   0
3640   1
3641   0
3642   0
3643   0
3644   0
3645   0
3646   0
3647   0
3648   0
3649   0
3650   0
3651   0
3652   0
3653   0
3654   0
3655   0
3656   0
3657   0
3658   0
3659   0
3660   0
3661   1
3662   0
3663   0
3664   0
3665   1
3666   2
3667   1
3668   0
3669   0
3670   0
3671   1
3672   1
3673   0
3674   0
3675   0
3676   2
3677   1
3678   1
3679   2
3680   0
3681   2
3682   0
3683   0
3684   1
3685   0
3686   1
3687   0
3688   0
3689   1
3690   0
3691   1
3692   0
3693   0
3694   0
3695   0
3696   0
3697   0
3698   0
3699   0
3700   0
3701   0
3702   0
3703   0
3704   0
3705   0
3706   0
3707   0
3708   0
3709   0
3710   0
3711   0
3712   0
3713   0
3714   0
3715   0
3716   1
3717   1
3718   0
3719   0
3720   1
3721   0
3722   1
3723   0
3724   0
3725   2
3726   0
3727   1
3728   0
3729   1
3730   1
3731   3
3732   1
3733   1
3734   0
3735   0
3736   0
3737   0
3738   1
3739   0
3740   0
3741   0
3742   0
3743   0
3744   0
3745   0
3746   1
3747   1
3748   0
3749   0
3750   1
3751   0
3752   0
3753   0
3754   0
3755   0
3756   0
3757   0
3758   1
3759   0
3760   0
3761   0
3762   0
3763   0
3764   0
3765   0
3766   0
3767   0
3768   0
3769   1
3770   0
3771   0
3772   0
3773   0
3774   2
3775   0
3776   0
3777   0
3778   0
3779   0
3780   0
3781   0
3782   0
3783   0
3784   0
3785   2
3786   0
3787   1
3788   0
3789   0
3790   0
3791   3
3792   3
3793   0
3794   2
3795   1
3796   1
3797   0
3798   0
3799   0
3800   2
3801   0
3802   0
3803   0
3804   0
3805   1
3806   0
3807   0
3808   0
3809   0
3810   0
3811   0
3812   0
3813   0
3814   0
3815   0
3816   0
3817   0
3818   0
3819   0
3820   0
3821   0
3822   0
3823   0
3824   2
3825   1
3826   0
3827   0
3828   0
3829   0
3830   0
3831   0
3832   0
3833   0
3834   0
3835   0
3836   0
3837   0
3838   0
3839   0
3840   0
3841   0
3842   0
3843   0
3844   0
3845   0
3846   0
3847   0
3848   1
3849   0
3850   0
3851   0
3852   0
3853   1
3854   0
3855   0
3856   0
3857   0
3858   0
3859   0
3860   0
3861   0
3862   0
3863   1
3864   0
3865   0
3866   0
3867   0
3868   2
3869   1
3870   0
3871   1
3872   1
3873   0
3874   0
3875   1
3876   0
3877   0
3878   1
3879   0
3880   1
3881   1
3882   0
3883   0
3884   0
3885   0
3886   0
3887   0
3888   0
3889   0
3890   1
3891   1
3892   0
3893   2
3894   1
3895   0
3896   0
3897   2
3898   0
3899   0
3900   0
3901   1
3902   0
3903   0
3904   0
3905   0
3906   0
3907   0
3908   0
3909   0
3910   0
3911   0
3912   0
3913   1
3914   0
3915   0
3916   0
3917   0
3918   0
3919   1
3920   1
3921   2
3922   1
3923   1
3924   5
3925   7
3926   12
3927   9
3928   5
3929   6
3930   10
3931   6
3932   8
3933   3
3934   4
3935   1
3936   0
3937   0
3938   0
3939   1
3940   0
3941   1
3942   3
3943   3
3944   1
3945   3
3946   1
3947   2
3948   2
3949   2
3950   1
3951   4
3952   1
3953   2
3954   0
3955   2
3956   0
3957   0
3958   0
3959   0
3960   0
3961   0
3962   0
3963   0
3964   0
3965   1
3966   0
3967   1
3968   0
3969   2
3970   0
3971   0
3972   0
3973   1
3974   1
3975   2
3976   3
3977   2
3978   2
3979   1
3980   2
3981   1
3982   0
3983   0
3984   1
3985   0
3986   0
3987   1
3988   0
3989   0
3990   1
3991   0
3992   1
3993   2
3994   0
3995   1
3996   2
3997   3
3998   2
3999   1
4000   3
4001   1
4002   1
4003   0
4004   0
4005   0
4006   0
4007   0
4008   0
4009   0
4010   1
4011   0
4012   0
4013   0
4014   1
4015   0
4016   0
4017   1
4018   0
4019   0
4020   0
4021   0
4022   0
4023   0
4024   1
4025   0
4026   0
4027   1
4028   0
4029   0
4030   2
4031   1
4032   0
4033   0
4034   1
4035   0
4036   0
4037   0
4038   0
4039   0
4040   0
4041   0
4042   0
4043   0
4044   0
4045   0
4046   0
4047   0
4048   0
4049   0
4050   0
4051   0
4052   0
4053   0
4054   0
4055   0
4056   0
4057   0
4058   0
4059   0
4060   0
4061   0
4062   0
4063   0
4064   0
4065   0
4066   0
4067   0
4068   0
4069   0
4070   0
4071   0
4072   0
4073   0
4074   0
4075   0
4076   0
4077   0
4078   0
4079   2
4080   0
4081   0
4082   0
4083   0
4084   0
4085   0
4086   0
4087   0
4088   0
4089   0
4090   0
4091   0
4092   0
4093   0
4094   0
4095   159
