0   0
1   0
2   0
3   0
4   0
5   0
6   0
7   0
8   0
9   0
10   0
11   0
12   0
13   0
14   0
15   0
16   0
17   0
18   0
19   0
20   0
21   0
22   0
23   0
24   0
25   0
26   0
27   0
28   0
29   0
30   0
31   0
32   0
33   0
34   0
35   0
36   0
37   0
38   0
39   0
40   0
41   0
42   0
43   0
44   0
45   0
46   0
47   0
48   0
49   0
50   0
51   0
52   0
53   0
54   0
55   0
56   0
57   0
58   0
59   0
60   0
61   0
62   0
63   0
64   0
65   0
66   0
67   0
68   0
69   0
70   0
71   0
72   0
73   0
74   0
75   0
76   0
77   0
78   0
79   0
80   0
81   0
82   0
83   0
84   0
85   0
86   0
87   0
88   0
89   0
90   0
91   0
92   0
93   0
94   0
95   0
96   0
97   0
98   0
99   0
100   16
101   3121
102   17518
103   6209
104   91
105   0
106   0
107   0
108   0
109   0
110   0
111   0
112   0
113   0
114   0
115   0
116   0
117   0
118   0
119   0
120   0
121   0
122   0
123   0
124   0
125   0
126   0
127   0
128   0
129   0
130   0
131   0
132   0
133   0
134   0
135   0
136   0
137   0
138   0
139   0
140   0
141   0
142   0
143   0
144   0
145   0
146   0
147   0
148   0
149   0
150   0
151   0
152   0
153   0
154   0
155   0
156   0
157   0
158   0
159   0
160   0
161   0
162   0
163   0
164   0
165   0
166   0
167   0
168   0
169   0
170   0
171   0
172   0
173   0
174   0
175   0
176   0
177   0
178   0
179   0
180   0
181   0
182   0
183   0
184   0
185   0
186   0
187   0
188   0
189   0
190   0
191   0
192   0
193   0
194   0
195   0
196   0
197   0
198   0
199   0
200   0
201   0
202   0
203   0
204   0
205   0
206   0
207   0
208   0
209   0
210   0
211   0
212   0
213   0
214   0
215   0
216   0
217   0
218   0
219   0
220   0
221   0
222   0
223   0
224   0
225   0
226   0
227   0
228   0
229   0
230   0
231   0
232   0
233   0
234   0
235   0
236   0
237   0
238   0
239   0
240   0
241   0
242   0
243   0
244   0
245   0
246   0
247   0
248   0
249   0
250   0
251   0
252   0
253   0
254   0
255   0
256   0
257   0
258   0
259   0
260   0
261   0
262   0
263   0
264   0
265   0
266   0
267   0
268   0
269   0
270   0
271   0
272   0
273   0
274   0
275   0
276   0
277   0
278   0
279   0
280   0
281   0
282   0
283   0
284   0
285   0
286   0
287   0
288   0
289   0
290   0
291   0
292   0
293   0
294   0
295   0
296   0
297   0
298   0
299   0
300   0
301   0
302   0
303   0
304   0
305   0
306   0
307   0
308   0
309   0
310   0
311   0
312   0
313   0
314   0
315   0
316   0
317   0
318   0
319   0
320   0
321   0
322   0
323   0
324   0
325   0
326   0
327   0
328   0
329   0
330   0
331   0
332   0
333   0
334   0
335   0
336   0
337   0
338   0
339   0
340   0
341   0
342   0
343   0
344   0
345   0
346   0
347   0
348   0
349   0
350   0
351   0
352   0
353   0
354   0
355   0
356   0
357   0
358   0
359   0
360   0
361   0
362   0
363   0
364   0
365   0
366   0
367   0
368   0
369   0
370   0
371   0
372   0
373   0
374   0
375   0
376   1
377   0
378   0
379   0
380   0
381   0
382   0
383   0
384   0
385   0
386   0
387   0
388   0
389   0
390   0
391   0
392   0
393   0
394   0
395   0
396   0
397   0
398   0
399   0
400   0
401   0
402   0
403   0
404   0
405   0
406   0
407   0
408   0
409   0
410   0
411   0
412   0
413   0
414   0
415   0
416   0
417   0
418   0
419   0
420   0
421   0
422   0
423   0
424   0
425   0
426   0
427   0
428   0
429   0
430   0
431   0
432   0
433   0
434   0
435   0
436   0
437   0
438   0
439   0
440   0
441   0
442   0
443   0
444   0
445   0
446   0
447   0
448   0
449   0
450   0
451   0
452   0
453   0
454   0
455   0
456   0
457   0
458   0
459   0
460   0
461   0
462   0
463   0
464   0
465   0
466   0
467   0
468   0
469   0
470   0
471   0
472   0
473   0
474   0
475   0
476   0
477   0
478   0
479   0
480   0
481   0
482   0
483   0
484   0
485   0
486   0
487   0
488   0
489   0
490   0
491   0
492   0
493   0
494   0
495   0
496   0
497   0
498   0
499   0
500   0
501   0
502   0
503   0
504   0
505   0
506   0
507   0
508   0
509   0
510   0
511   0
512   0
513   0
514   0
515   0
516   0
517   0
518   0
519   0
520   0
521   0
522   0
523   0
524   0
525   0
526   0
527   0
528   0
529   0
530   0
531   0
532   0
533   0
534   1
535   0
536   0
537   0
538   0
539   1
540   0
541   0
542   0
543   1
544   1
545   1
546   0
547   0
548   0
549   0
550   2
551   0
552   0
553   1
554   1
555   0
556   0
557   1
558   0
559   2
560   1
561   0
562   1
563   0
564   0
565   1
566   0
567   1
568   1
569   0
570   1
571   2
572   0
573   2
574   1
575   3
576   7
577   6
578   5
579   8
580   10
581   8
582   15
583   19
584   17
585   11
586   9
587   14
588   10
589   9
590   6
591   6
592   5
593   3
594   0
595   0
596   2
597   1
598   2
599   0
600   1
601   0
602   0
603   0
604   1
605   0
606   0
607   3
608   2
609   1
610   3
611   1
612   3
613   2
614   5
615   0
616   4
617   5
618   7
619   4
620   5
621   6
622   10
623   14
624   17
625   19
626   17
627   15
628   18
629   12
630   13
631   9
632   4
633   1
634   5
635   6
636   5
637   1
638   6
639   2
640   3
641   5
642   6
643   2
644   6
645   5
646   5
647   5
648   4
649   6
650   10
651   4
652   3
653   9
654   4
655   6
656   3
657   5
658   2
659   5
660   8
661   4
662   3
663   4
664   2
665   3
666   2
667   3
668   4
669   4
670   7
671   11
672   6
673   11
674   11
675   20
676   21
677   18
678   11
679   15
680   22
681   22
682   19
683   9
684   13
685   14
686   13
687   3
688   15
689   17
690   21
691   20
692   24
693   22
694   33
695   32
696   23
697   37
698   33
699   38
700   33
701   31
702   45
703   50
704   44
705   46
706   60
707   65
708   53
709   64
710   70
711   78
712   74
713   68
714   69
715   58
716   41
717   29
718   25
719   13
720   14
721   12
722   11
723   4
724   7
725   5
726   8
727   9
728   8
729   7
730   8
731   7
732   5
733   11
734   5
735   10
736   2
737   10
738   12
739   11
740   9
741   9
742   10
743   7
744   6
745   14
746   6
747   14
748   12
749   11
750   6
751   11
752   9
753   8
754   4
755   7
756   9
757   11
758   13
759   13
760   4
761   7
762   2
763   10
764   12
765   7
766   11
767   16
768   10
769   13
770   6
771   12
772   11
773   12
774   10
775   8
776   10
777   10
778   7
779   17
780   12
781   14
782   6
783   8
784   11
785   7
786   13
787   12
788   8
789   14
790   11
791   19
792   11
793   20
794   14
795   16
796   13
797   14
798   18
799   19
800   14
801   18
802   19
803   14
804   11
805   15
806   10
807   12
808   17
809   14
810   21
811   21
812   20
813   19
814   24
815   22
816   25
817   35
818   34
819   44
820   42
821   54
822   62
823   53
824   53
825   52
826   49
827   40
828   54
829   32
830   29
831   33
832   29
833   21
834   41
835   23
836   33
837   34
838   31
839   39
840   33
841   38
842   32
843   34
844   44
845   37
846   36
847   48
848   41
849   46
850   47
851   62
852   52
853   56
854   70
855   71
856   88
857   75
858   91
859   70
860   68
861   96
862   96
863   96
864   129
865   127
866   117
867   148
868   134
869   137
870   173
871   174
872   182
873   226
874   202
875   229
876   240
877   247
878   251
879   267
880   280
881   276
882   257
883   288
884   260
885   238
886   227
887   170
888   158
889   171
890   148
891   150
892   139
893   128
894   104
895   95
896   100
897   92
898   78
899   66
900   72
901   60
902   62
903   55
904   42
905   40
906   47
907   41
908   30
909   42
910   31
911   35
912   30
913   28
914   28
915   19
916   14
917   21
918   23
919   14
920   17
921   10
922   10
923   9
924   17
925   17
926   9
927   10
928   10
929   7
930   5
931   8
932   8
933   7
934   6
935   5
936   5
937   10
938   10
939   5
940   5
941   7
942   6
943   9
944   1
945   3
946   6
947   2
948   3
949   3
950   1
951   3
952   3
953   4
954   0
955   1
956   6
957   3
958   3
959   3
960   0
961   3
962   4
963   0
964   4
965   4
966   4
967   4
968   7
969   6
970   4
971   4
972   5
973   5
974   4
975   1
976   1
977   3
978   5
979   0
980   5
981   3
982   1
983   3
984   2
985   2
986   1
987   2
988   2
989   3
990   5
991   3
992   3
993   0
994   2
995   1
996   2
997   4
998   7
999   17
1000   4
1001   13
1002   17
1003   16
1004   12
1005   20
1006   15
1007   12
1008   10
1009   5
1010   3
1011   2
1012   3
1013   0
1014   0
1015   2
1016   2
1017   2
1018   4
1019   1
1020   0
1021   1
1022   1
1023   1
1024   2
1025   1
1026   0
1027   2
1028   0
1029   0
1030   0
1031   1
1032   0
1033   1
1034   1
1035   0
1036   1
1037   2
1038   0
1039   0
1040   0
1041   2
1042   3
1043   1
1044   1
1045   0
1046   0
1047   1
1048   1
1049   1
1050   0
1051   1
1052   1
1053   2
1054   2
1055   1
1056   3
1057   6
1058   5
1059   2
1060   4
1061   6
1062   9
1063   4
1064   1
1065   4
1066   2
1067   1
1068   1
1069   2
1070   1
1071   1
1072   2
1073   0
1074   0
1075   0
1076   0
1077   2
1078   0
1079   0
1080   1
1081   0
1082   1
1083   1
1084   1
1085   0
1086   1
1087   1
1088   1
1089   1
1090   0
1091   1
1092   1
1093   1
1094   0
1095   1
1096   3
1097   0
1098   0
1099   1
1100   1
1101   0
1102   0
1103   1
1104   3
1105   0
1106   1
1107   1
1108   2
1109   1
1110   0
1111   0
1112   0
1113   1
1114   3
1115   3
1116   1
1117   1
1118   1
1119   1
1120   0
1121   1
1122   1
1123   2
1124   1
1125   1
1126   1
1127   1
1128   1
1129   1
1130   1
1131   1
1132   0
1133   0
1134   1
1135   1
1136   0
1137   1
1138   0
1139   0
1140   0
1141   1
1142   0
1143   0
1144   0
1145   1
1146   0
1147   0
1148   1
1149   2
1150   2
1151   1
1152   0
1153   0
1154   0
1155   1
1156   2
1157   1
1158   1
1159   4
1160   4
1161   3
1162   2
1163   4
1164   5
1165   8
1166   8
1167   23
1168   23
1169   14
1170   33
1171   38
1172   29
1173   34
1174   31
1175   29
1176   36
1177   20
1178   14
1179   14
1180   10
1181   8
1182   2
1183   6
1184   2
1185   3
1186   2
1187   1
1188   1
1189   0
1190   2
1191   1
1192   0
1193   1
1194   0
1195   0
1196   0
1197   1
1198   0
1199   0
1200   1
1201   1
1202   0
1203   0
1204   0
1205   1
1206   1
1207   2
1208   1
1209   1
1210   0
1211   2
1212   6
1213   3
1214   4
1215   5
1216   2
1217   3
1218   3
1219   1
1220   2
1221   2
1222   2
1223   1
1224   1
1225   1
1226   2
1227   5
1228   5
1229   5
1230   6
1231   4
1232   5
1233   14
1234   17
1235   24
1236   29
1237   31
1238   50
1239   53
1240   64
1241   88
1242   66
1243   79
1244   94
1245   89
1246   65
1247   57
1248   43
1249   41
1250   37
1251   16
1252   11
1253   11
1254   5
1255   6
1256   3
1257   4
1258   4
1259   3
1260   1
1261   2
1262   3
1263   4
1264   2
1265   2
1266   0
1267   1
1268   2
1269   1
1270   1
1271   0
1272   2
1273   1
1274   2
1275   1
1276   1
1277   5
1278   3
1279   1
1280   1
1281   2
1282   5
1283   4
1284   6
1285   7
1286   8
1287   5
1288   11
1289   7
1290   11
1291   11
1292   11
1293   10
1294   9
1295   6
1296   1
1297   13
1298   12
1299   12
1300   20
1301   17
1302   17
1303   19
1304   28
1305   25
1306   22
1307   25
1308   13
1309   8
1310   13
1311   8
1312   21
1313   9
1314   20
1315   25
1316   28
1317   25
1318   30
1319   39
1320   42
1321   36
1322   40
1323   34
1324   28
1325   19
1326   18
1327   13
1328   9
1329   6
1330   4
1331   3
1332   3
1333   1
1334   3
1335   2
1336   0
1337   1
1338   0
1339   0
1340   1
1341   0
1342   0
1343   0
1344   0
1345   2
1346   1
1347   2
1348   2
1349   4
1350   0
1351   5
1352   4
1353   5
1354   7
1355   4
1356   15
1357   21
1358   14
1359   25
1360   16
1361   20
1362   21
1363   14
1364   11
1365   12
1366   11
1367   5
1368   1
1369   1
1370   2
1371   4
1372   3
1373   4
1374   3
1375   3
1376   3
1377   4
1378   6
1379   2
1380   7
1381   6
1382   6
1383   2
1384   2
1385   4
1386   0
1387   0
1388   0
1389   1
1390   0
1391   2
1392   1
1393   0
1394   0
1395   1
1396   0
1397   0
1398   0
1399   4
1400   0
1401   3
1402   6
1403   7
1404   6
1405   6
1406   14
1407   16
1408   11
1409   19
1410   20
1411   20
1412   30
1413   13
1414   11
1415   17
1416   14
1417   6
1418   4
1419   5
1420   4
1421   4
1422   3
1423   2
1424   0
1425   1
1426   0
1427   0
1428   2
1429   1
1430   0
1431   0
1432   1
1433   1
1434   1
1435   0
1436   1
1437   0
1438   0
1439   1
1440   1
1441   1
1442   0
1443   1
1444   2
1445   0
1446   0
1447   3
1448   1
1449   1
1450   1
1451   1
1452   2
1453   5
1454   5
1455   5
1456   6
1457   5
1458   5
1459   4
1460   4
1461   0
1462   2
1463   1
1464   1
1465   0
1466   4
1467   3
1468   2
1469   1
1470   0
1471   1
1472   2
1473   1
1474   3
1475   1
1476   1
1477   2
1478   1
1479   3
1480   2
1481   0
1482   2
1483   2
1484   0
1485   1
1486   1
1487   1
1488   2
1489   4
1490   1
1491   1
1492   2
1493   0
1494   5
1495   1
1496   1
1497   2
1498   2
1499   1
1500   4
1501   1
1502   4
1503   3
1504   2
1505   3
1506   7
1507   9
1508   14
1509   11
1510   11
1511   14
1512   13
1513   8
1514   10
1515   6
1516   9
1517   2
1518   6
1519   3
1520   3
1521   8
1522   3
1523   0
1524   4
1525   2
1526   1
1527   3
1528   1
1529   3
1530   0
1531   2
1532   0
1533   1
1534   0
1535   0
1536   1
1537   3
1538   0
1539   1
1540   0
1541   2
1542   1
1543   1
1544   1
1545   2
1546   1
1547   1
1548   5
1549   3
1550   4
1551   0
1552   2
1553   3
1554   0
1555   1
1556   2
1557   2
1558   1
1559   1
1560   2
1561   2
1562   0
1563   1
1564   1
1565   1
1566   1
1567   0
1568   0
1569   0
1570   1
1571   1
1572   1
1573   0
1574   3
1575   0
1576   1
1577   2
1578   0
1579   1
1580   1
1581   1
1582   1
1583   7
1584   8
1585   5
1586   7
1587   13
1588   10
1589   14
1590   9
1591   12
1592   8
1593   9
1594   8
1595   16
1596   12
1597   9
1598   12
1599   16
1600   23
1601   33
1602   34
1603   50
1604   57
1605   82
1606   76
1607   91
1608   112
1609   117
1610   125
1611   104
1612   132
1613   121
1614   106
1615   97
1616   86
1617   55
1618   51
1619   42
1620   33
1621   21
1622   12
1623   10
1624   10
1625   9
1626   10
1627   7
1628   2
1629   7
1630   6
1631   0
1632   2
1633   2
1634   5
1635   0
1636   2
1637   2
1638   6
1639   1
1640   0
1641   2
1642   2
1643   1
1644   3
1645   3
1646   0
1647   1
1648   2
1649   2
1650   1
1651   2
1652   2
1653   2
1654   1
1655   4
1656   1
1657   1
1658   0
1659   0
1660   1
1661   2
1662   0
1663   1
1664   0
1665   1
1666   1
1667   0
1668   0
1669   0
1670   0
1671   1
1672   0
1673   3
1674   1
1675   0
1676   0
1677   0
1678   0
1679   0
1680   1
1681   2
1682   2
1683   0
1684   0
1685   0
1686   1
1687   2
1688   0
1689   2
1690   1
1691   1
1692   1
1693   1
1694   1
1695   2
1696   1
1697   1
1698   1
1699   0
1700   3
1701   0
1702   0
1703   2
1704   4
1705   1
1706   1
1707   3
1708   1
1709   0
1710   4
1711   1
1712   1
1713   4
1714   0
1715   0
1716   1
1717   1
1718   0
1719   0
1720   1
1721   0
1722   0
1723   0
1724   1
1725   0
1726   2
1727   2
1728   3
1729   0
1730   0
1731   0
1732   1
1733   3
1734   0
1735   0
1736   1
1737   3
1738   1
1739   4
1740   1
1741   2
1742   4
1743   5
1744   5
1745   5
1746   5
1747   6
1748   14
1749   16
1750   18
1751   24
1752   30
1753   33
1754   51
1755   40
1756   51
1757   39
1758   45
1759   39
1760   30
1761   39
1762   24
1763   16
1764   14
1765   9
1766   9
1767   8
1768   6
1769   14
1770   28
1771   18
1772   20
1773   24
1774   43
1775   37
1776   42
1777   61
1778   54
1779   41
1780   43
1781   32
1782   37
1783   25
1784   27
1785   17
1786   14
1787   13
1788   7
1789   11
1790   11
1791   4
1792   5
1793   6
1794   8
1795   6
1796   7
1797   7
1798   9
1799   8
1800   5
1801   3
1802   4
1803   3
1804   1
1805   2
1806   2
1807   4
1808   0
1809   0
1810   0
1811   1
1812   1
1813   0
1814   3
1815   0
1816   0
1817   1
1818   0
1819   1
1820   2
1821   1
1822   0
1823   1
1824   1
1825   1
1826   0
1827   0
1828   2
1829   1
1830   3
1831   1
1832   2
1833   2
1834   0
1835   5
1836   3
1837   5
1838   9
1839   5
1840   3
1841   7
1842   15
1843   10
1844   19
1845   22
1846   33
1847   28
1848   62
1849   68
1850   70
1851   96
1852   88
1853   99
1854   91
1855   93
1856   84
1857   92
1858   100
1859   64
1860   63
1861   46
1862   47
1863   38
1864   23
1865   11
1866   12
1867   11
1868   5
1869   6
1870   4
1871   5
1872   4
1873   1
1874   1
1875   0
1876   2
1877   1
1878   0
1879   1
1880   1
1881   2
1882   1
1883   2
1884   2
1885   1
1886   0
1887   0
1888   1
1889   3
1890   1
1891   4
1892   3
1893   7
1894   4
1895   2
1896   2
1897   2
1898   2
1899   7
1900   2
1901   2
1902   3
1903   2
1904   2
1905   4
1906   3
1907   2
1908   1
1909   1
1910   0
1911   0
1912   2
1913   0
1914   0
1915   1
1916   1
1917   0
1918   0
1919   0
1920   2
1921   0
1922   1
1923   0
1924   1
1925   0
1926   0
1927   1
1928   0
1929   1
1930   0
1931   0
1932   1
1933   0
1934   1
1935   0
1936   0
1937   2
1938   0
1939   0
1940   0
1941   1
1942   0
1943   0
1944   0
1945   0
1946   1
1947   0
1948   0
1949   0
1950   0
1951   0
1952   1
1953   0
1954   0
1955   0
1956   0
1957   0
1958   2
1959   1
1960   1
1961   1
1962   2
1963   1
1964   2
1965   0
1966   1
1967   0
1968   0
1969   1
1970   0
1971   0
1972   1
1973   0
1974   1
1975   0
1976   1
1977   0
1978   0
1979   0
1980   0
1981   0
1982   0
1983   0
1984   0
1985   1
1986   0
1987   1
1988   0
1989   2
1990   1
1991   1
1992   1
1993   0
1994   3
1995   0
1996   2
1997   0
1998   2
1999   0
2000   1
2001   4
2002   1
2003   3
2004   2
2005   5
2006   2
2007   1
2008   6
2009   7
2010   4
2011   3
2012   8
2013   4
2014   5
2015   3
2016   3
2017   1
2018   2
2019   1
2020   3
2021   0
2022   1
2023   1
2024   1
2025   4
2026   1
2027   2
2028   4
2029   1
2030   5
2031   6
2032   2
2033   0
2034   1
2035   0
2036   2
2037   3
2038   1
2039   1
2040   0
2041   1
2042   0
2043   0
2044   1
2045   2
2046   0
2047   0
2048   0
2049   0
2050   0
2051   1
2052   0
2053   0
2054   0
2055   0
2056   0
2057   0
2058   0
2059   0
2060   1
2061   0
2062   1
2063   0
2064   0
2065   0
2066   0
2067   0
2068   1
2069   0
2070   0
2071   0
2072   1
2073   0
2074   0
2075   0
2076   2
2077   0
2078   0
2079   0
2080   0
2081   0
2082   1
2083   0
2084   2
2085   0
2086   0
2087   0
2088   2
2089   2
2090   1
2091   3
2092   1
2093   2
2094   3
2095   10
2096   7
2097   9
2098   10
2099   18
2100   23
2101   20
2102   42
2103   55
2104   61
2105   57
2106   54
2107   66
2108   66
2109   53
2110   32
2111   32
2112   16
2113   3
2114   9
2115   4
2116   8
2117   1
2118   5
2119   0
2120   3
2121   2
2122   1
2123   0
2124   0
2125   2
2126   1
2127   0
2128   0
2129   1
2130   1
2131   0
2132   1
2133   0
2134   1
2135   0
2136   1
2137   0
2138   0
2139   2
2140   1
2141   0
2142   0
2143   0
2144   0
2145   0
2146   0
2147   1
2148   0
2149   1
2150   0
2151   0
2152   1
2153   0
2154   0
2155   0
2156   0
2157   1
2158   0
2159   0
2160   0
2161   0
2162   0
2163   0
2164   0
2165   1
2166   2
2167   0
2168   0
2169   2
2170   2
2171   1
2172   2
2173   2
2174   2
2175   0
2176   1
2177   1
2178   0
2179   2
2180   1
2181   0
2182   2
2183   1
2184   0
2185   3
2186   8
2187   3
2188   3
2189   8
2190   6
2191   13
2192   16
2193   19
2194   22
2195   41
2196   46
2197   34
2198   48
2199   47
2200   41
2201   58
2202   33
2203   32
2204   31
2205   26
2206   20
2207   15
2208   5
2209   6
2210   3
2211   2
2212   3
2213   1
2214   3
2215   1
2216   2
2217   2
2218   0
2219   3
2220   0
2221   0
2222   1
2223   2
2224   1
2225   0
2226   1
2227   2
2228   3
2229   3
2230   1
2231   2
2232   1
2233   0
2234   1
2235   2
2236   0
2237   3
2238   8
2239   7
2240   3
2241   5
2242   4
2243   4
2244   8
2245   10
2246   10
2247   18
2248   17
2249   20
2250   18
2251   27
2252   20
2253   23
2254   19
2255   13
2256   11
2257   9
2258   6
2259   5
2260   2
2261   2
2262   1
2263   3
2264   0
2265   1
2266   1
2267   2
2268   2
2269   0
2270   1
2271   0
2272   0
2273   1
2274   0
2275   0
2276   2
2277   1
2278   1
2279   1
2280   0
2281   0
2282   1
2283   3
2284   0
2285   1
2286   0
2287   0
2288   1
2289   2
2290   2
2291   0
2292   0
2293   2
2294   1
2295   1
2296   1
2297   1
2298   1
2299   0
2300   1
2301   1
2302   2
2303   1
2304   0
2305   0
2306   6
2307   3
2308   2
2309   3
2310   5
2311   9
2312   7
2313   12
2314   27
2315   25
2316   22
2317   31
2318   28
2319   24
2320   20
2321   14
2322   15
2323   19
2324   8
2325   14
2326   13
2327   12
2328   8
2329   24
2330   20
2331   23
2332   37
2333   30
2334   25
2335   28
2336   18
2337   15
2338   17
2339   20
2340   20
2341   29
2342   40
2343   47
2344   50
2345   75
2346   103
2347   138
2348   179
2349   216
2350   308
2351   420
2352   561
2353   719
2354   948
2355   1219
2356   1483
2357   1867
2358   2357
2359   2584
2360   2934
2361   3329
2362   3462
2363   3603
2364   3487
2365   3187
2366   2749
2367   2182
2368   1848
2369   1283
2370   872
2371   617
2372   360
2373   254
2374   187
2375   129
2376   120
2377   83
2378   49
2379   52
2380   49
2381   50
2382   41
2383   29
2384   23
2385   19
2386   14
2387   7
2388   16
2389   10
2390   10
2391   9
2392   9
2393   10
2394   2
2395   5
2396   8
2397   12
2398   9
2399   10
2400   6
2401   8
2402   16
2403   14
2404   23
2405   20
2406   20
2407   32
2408   39
2409   29
2410   42
2411   42
2412   39
2413   38
2414   28
2415   23
2416   24
2417   15
2418   10
2419   16
2420   6
2421   6
2422   2
2423   1
2424   1
2425   1
2426   0
2427   0
2428   0
2429   0
2430   3
2431   0
2432   1
2433   1
2434   1
2435   0
2436   0
2437   0
2438   0
2439   1
2440   1
2441   2
2442   0
2443   0
2444   2
2445   0
2446   0
2447   1
2448   0
2449   0
2450   0
2451   0
2452   0
2453   0
2454   0
2455   0
2456   0
2457   1
2458   0
2459   1
2460   1
2461   0
2462   0
2463   0
2464   2
2465   0
2466   1
2467   0
2468   0
2469   0
2470   0
2471   0
2472   0
2473   0
2474   0
2475   0
2476   1
2477   0
2478   0
2479   0
2480   0
2481   0
2482   0
2483   0
2484   0
2485   1
2486   0
2487   0
2488   0
2489   0
2490   0
2491   0
2492   1
2493   0
2494   0
2495   0
2496   0
2497   0
2498   0
2499   0
2500   2
2501   1
2502   1
2503   0
2504   0
2505   0
2506   0
2507   0
2508   0
2509   0
2510   0
2511   0
2512   0
2513   0
2514   0
2515   1
2516   1
2517   0
2518   0
2519   0
2520   0
2521   0
2522   0
2523   0
2524   0
2525   0
2526   1
2527   2
2528   0
2529   0
2530   0
2531   1
2532   0
2533   1
2534   1
2535   0
2536   0
2537   0
2538   0
2539   0
2540   0
2541   1
2542   0
2543   0
2544   0
2545   0
2546   0
2547   1
2548   0
2549   1
2550   1
2551   0
2552   2
2553   0
2554   1
2555   1
2556   0
2557   4
2558   1
2559   3
2560   5
2561   3
2562   1
2563   3
2564   7
2565   7
2566   3
2567   12
2568   26
2569   21
2570   30
2571   48
2572   61
2573   84
2574   90
2575   109
2576   127
2577   129
2578   133
2579   127
2580   113
2581   126
2582   105
2583   95
2584   57
2585   54
2586   35
2587   23
2588   23
2589   17
2590   11
2591   1
2592   4
2593   3
2594   4
2595   1
2596   3
2597   2
2598   1
2599   0
2600   4
2601   1
2602   1
2603   1
2604   2
2605   0
2606   2
2607   1
2608   0
2609   0
2610   0
2611   1
2612   0
2613   1
2614   0
2615   0
2616   1
2617   0
2618   0
2619   0
2620   0
2621   0
2622   0
2623   0
2624   2
2625   0
2626   1
2627   1
2628   1
2629   0
2630   0
2631   0
2632   0
2633   0
2634   0
2635   1
2636   1
2637   0
2638   0
2639   0
2640   0
2641   1
2642   1
2643   0
2644   1
2645   0
2646   0
2647   0
2648   0
2649   0
2650   1
2651   0
2652   0
2653   0
2654   1
2655   0
2656   1
2657   0
2658   1
2659   1
2660   1
2661   4
2662   0
2663   1
2664   1
2665   5
2666   4
2667   7
2668   10
2669   11
2670   4
2671   6
2672   10
2673   12
2674   20
2675   25
2676   24
2677   17
2678   11
2679   13
2680   15
2681   11
2682   8
2683   6
2684   3
2685   2
2686   3
2687   0
2688   1
2689   1
2690   2
2691   0
2692   0
2693   1
2694   0
2695   0
2696   0
2697   0
2698   0
2699   1
2700   0
2701   1
2702   0
2703   0
2704   0
2705   0
2706   0
2707   1
2708   0
2709   0
2710   0
2711   1
2712   1
2713   0
2714   0
2715   1
2716   0
2717   1
2718   1
2719   0
2720   1
2721   2
2722   1
2723   8
2724   3
2725   1
2726   6
2727   12
2728   9
2729   7
2730   10
2731   14
2732   16
2733   19
2734   9
2735   13
2736   10
2737   7
2738   10
2739   4
2740   3
2741   5
2742   2
2743   0
2744   1
2745   2
2746   2
2747   1
2748   3
2749   2
2750   1
2751   1
2752   2
2753   0
2754   0
2755   0
2756   0
2757   0
2758   1
2759   0
2760   0
2761   0
2762   1
2763   0
2764   0
2765   0
2766   0
2767   0
2768   0
2769   0
2770   0
2771   2
2772   0
2773   2
2774   0
2775   1
2776   0
2777   0
2778   0
2779   0
2780   1
2781   0
2782   1
2783   2
2784   2
2785   1
2786   8
2787   5
2788   8
2789   8
2790   9
2791   5
2792   17
2793   11
2794   9
2795   14
2796   11
2797   13
2798   10
2799   9
2800   7
2801   4
2802   4
2803   4
2804   3
2805   2
2806   2
2807   1
2808   1
2809   0
2810   0
2811   2
2812   0
2813   0
2814   1
2815   0
2816   1
2817   0
2818   0
2819   0
2820   1
2821   0
2822   1
2823   0
2824   0
2825   1
2826   0
2827   0
2828   0
2829   0
2830   0
2831   0
2832   0
2833   0
2834   0
2835   0
2836   2
2837   0
2838   1
2839   0
2840   0
2841   0
2842   0
2843   0
2844   0
2845   0
2846   0
2847   0
2848   0
2849   0
2850   0
2851   0
2852   0
2853   0
2854   0
2855   0
2856   1
2857   0
2858   0
2859   0
2860   0
2861   0
2862   2
2863   1
2864   0
2865   0
2866   0
2867   0
2868   0
2869   0
2870   0
2871   0
2872   0
2873   0
2874   0
2875   0
2876   0
2877   0
2878   0
2879   0
2880   0
2881   0
2882   0
2883   1
2884   0
2885   0
2886   0
2887   1
2888   0
2889   0
2890   1
2891   0
2892   0
2893   0
2894   0
2895   0
2896   2
2897   1
2898   0
2899   1
2900   0
2901   0
2902   0
2903   0
2904   0
2905   0
2906   0
2907   0
2908   0
2909   0
2910   0
2911   1
2912   0
2913   0
2914   0
2915   0
2916   0
2917   0
2918   0
2919   0
2920   0
2921   0
2922   0
2923   1
2924   0
2925   1
2926   0
2927   0
2928   0
2929   0
2930   0
2931   0
2932   0
2933   0
2934   0
2935   0
2936   0
2937   1
2938   0
2939   1
2940   0
2941   1
2942   1
2943   1
2944   0
2945   1
2946   4
2947   0
2948   1
2949   3
2950   3
2951   4
2952   6
2953   11
2954   11
2955   17
2956   15
2957   27
2958   18
2959   33
2960   29
2961   28
2962   29
2963   26
2964   30
2965   24
2966   19
2967   13
2968   9
2969   10
2970   6
2971   4
2972   5
2973   2
2974   3
2975   1
2976   0
2977   2
2978   0
2979   1
2980   1
2981   1
2982   0
2983   0
2984   0
2985   0
2986   0
2987   1
2988   0
2989   0
2990   0
2991   0
2992   0
2993   1
2994   0
2995   0
2996   1
2997   0
2998   0
2999   0
3000   0
3001   0
3002   0
3003   0
3004   0
3005   0
3006   0
3007   0
3008   1
3009   0
3010   0
3011   0
3012   0
3013   0
3014   0
3015   0
3016   0
3017   0
3018   0
3019   0
3020   0
3021   1
3022   0
3023   0
3024   0
3025   0
3026   0
3027   0
3028   1
3029   0
3030   1
3031   0
3032   0
3033   0
3034   0
3035   1
3036   0
3037   0
3038   0
3039   0
3040   0
3041   1
3042   0
3043   0
3044   0
3045   0
3046   0
3047   0
3048   0
3049   0
3050   0
3051   0
3052   0
3053   0
3054   0
3055   0
3056   0
3057   0
3058   0
3059   1
3060   0
3061   0
3062   0
3063   0
3064   0
3065   0
3066   1
3067   0
3068   0
3069   0
3070   0
3071   0
3072   0
3073   0
3074   0
3075   0
3076   0
3077   0
3078   0
3079   0
3080   0
3081   0
3082   0
3083   0
3084   0
3085   0
3086   1
3087   0
3088   1
3089   1
3090   0
3091   0
3092   1
3093   2
3094   0
3095   1
3096   0
3097   0
3098   0
3099   1
3100   2
3101   0
3102   0
3103   0
3104   1
3105   1
3106   0
3107   0
3108   0
3109   1
3110   0
3111   0
3112   0
3113   0
3114   0
3115   0
3116   1
3117   0
3118   0
3119   0
3120   0
3121   1
3122   0
3123   0
3124   0
3125   1
3126   0
3127   1
3128   2
3129   0
3130   0
3131   2
3132   0
3133   0
3134   1
3135   0
3136   0
3137   1
3138   0
3139   0
3140   0
3141   0
3142   0
3143   1
3144   1
3145   0
3146   2
3147   1
3148   0
3149   0
3150   0
3151   0
3152   1
3153   0
3154   0
3155   0
3156   0
3157   0
3158   0
3159   2
3160   1
3161   0
3162   0
3163   1
3164   0
3165   0
3166   0
3167   1
3168   0
3169   2
3170   0
3171   0
3172   0
3173   0
3174   0
3175   0
3176   1
3177   0
3178   1
3179   0
3180   1
3181   0
3182   0
3183   2
3184   0
3185   0
3186   0
3187   0
3188   0
3189   1
3190   1
3191   1
3192   0
3193   1
3194   0
3195   1
3196   1
3197   0
3198   1
3199   0
3200   1
3201   0
3202   2
3203   0
3204   0
3205   0
3206   0
3207   0
3208   0
3209   1
3210   0
3211   1
3212   0
3213   0
3214   1
3215   3
3216   1
3217   0
3218   1
3219   2
3220   2
3221   0
3222   0
3223   0
3224   1
3225   0
3226   0
3227   0
3228   0
3229   0
3230   0
3231   1
3232   0
3233   0
3234   1
3235   0
3236   1
3237   0
3238   0
3239   1
3240   0
3241   0
3242   1
3243   0
3244   0
3245   1
3246   1
3247   0
3248   1
3249   0
3250   1
3251   0
3252   0
3253   0
3254   1
3255   0
3256   2
3257   0
3258   0
3259   2
3260   0
3261   0
3262   1
3263   1
3264   1
3265   1
3266   1
3267   0
3268   1
3269   0
3270   0
3271   0
3272   0
3273   0
3274   0
3275   0
3276   1
3277   0
3278   1
3279   0
3280   0
3281   0
3282   0
3283   0
3284   1
3285   0
3286   1
3287   0
3288   3
3289   0
3290   0
3291   0
3292   0
3293   0
3294   0
3295   0
3296   1
3297   4
3298   0
3299   0
3300   1
3301   1
3302   1
3303   1
3304   1
3305   0
3306   0
3307   1
3308   1
3309   1
3310   0
3311   0
3312   0
3313   0
3314   1
3315   0
3316   2
3317   1
3318   0
3319   1
3320   0
3321   0
3322   0
3323   1
3324   1
3325   1
3326   1
3327   0
3328   0
3329   1
3330   0
3331   1
3332   1
3333   5
3334   3
3335   3
3336   7
3337   8
3338   5
3339   7
3340   5
3341   4
3342   18
3343   8
3344   8
3345   5
3346   6
3347   7
3348   2
3349   3
3350   4
3351   1
3352   3
3353   1
3354   0
3355   2
3356   0
3357   1
3358   0
3359   0
3360   0
3361   0
3362   0
3363   0
3364   0
3365   0
3366   1
3367   0
3368   0
3369   0
3370   0
3371   0
3372   0
3373   0
3374   0
3375   0
3376   0
3377   0
3378   0
3379   0
3380   0
3381   0
3382   0
3383   0
3384   0
3385   0
3386   0
3387   0
3388   0
3389   0
3390   1
3391   0
3392   0
3393   1
3394   1
3395   0
3396   0
3397   0
3398   0
3399   0
3400   0
3401   0
3402   0
3403   0
3404   0
3405   0
3406   0
3407   0
3408   0
3409   0
3410   0
3411   0
3412   0
3413   1
3414   0
3415   1
3416   0
3417   0
3418   0
3419   0
3420   1
3421   0
3422   0
3423   2
3424   0
3425   1
3426   0
3427   1
3428   1
3429   1
3430   0
3431   0
3432   0
3433   0
3434   0
3435   0
3436   0
3437   0
3438   0
3439   0
3440   0
3441   0
3442   0
3443   0
3444   1
3445   0
3446   0
3447   0
3448   0
3449   1
3450   0
3451   0
3452   0
3453   0
3454   0
3455   0
3456   0
3457   0
3458   0
3459   0
3460   0
3461   2
3462   0
3463   1
3464   0
3465   1
3466   0
3467   0
3468   0
3469   0
3470   0
3471   0
3472   0
3473   0
3474   1
3475   0
3476   0
3477   0
3478   0
3479   1
3480   0
3481   0
3482   0
3483   0
3484   0
3485   0
3486   0
3487   0
3488   0
3489   0
3490   0
3491   0
3492   0
3493   0
3494   0
3495   0
3496   0
3497   0
3498   0
3499   0
3500   0
3501   0
3502   0
3503   0
3504   0
3505   0
3506   1
3507   0
3508   0
3509   0
3510   1
3511   0
3512   0
3513   1
3514   1
3515   0
3516   0
3517   3
3518   0
3519   1
3520   1
3521   0
3522   0
3523   0
3524   1
3525   0
3526   0
3527   1
3528   1
3529   0
3530   0
3531   0
3532   0
3533   1
3534   1
3535   1
3536   0
3537   1
3538   2
3539   0
3540   0
3541   1
3542   0
3543   0
3544   0
3545   0
3546   0
3547   0
3548   0
3549   1
3550   0
3551   0
3552   0
3553   0
3554   0
3555   1
3556   1
3557   1
3558   0
3559   0
3560   1
3561   1
3562   0
3563   0
3564   0
3565   1
3566   2
3567   1
3568   2
3569   3
3570   2
3571   6
3572   5
3573   7
3574   17
3575   8
3576   9
3577   23
3578   14
3579   15
3580   19
3581   24
3582   23
3583   18
3584   18
3585   10
3586   15
3587   4
3588   7
3589   4
3590   2
3591   1
3592   2
3593   1
3594   0
3595   0
3596   1
3597   1
3598   0
3599   0
3600   0
3601   0
3602   0
3603   0
3604   0
3605   0
3606   0
3607   0
3608   0
3609   0
3610   0
3611   0
3612   0
3613   0
3614   0
3615   0
3616   0
3617   0
3618   0
3619   1
3620   0
3621   0
3622   0
3623   0
3624   0
3625   0
3626   0
3627   0
3628   0
3629   0
3630   0
3631   0
3632   0
3633   1
3634   0
3635   0
3636   0
3637   0
3638   0
3639   0
3640   0
3641   0
3642   0
3643   0
3644   0
3645   0
3646   0
3647   0
3648   0
3649   0
3650   0
3651   0
3652   0
3653   0
3654   0
3655   0
3656   0
3657   1
3658   0
3659   1
3660   1
3661   2
3662   1
3663   1
3664   1
3665   4
3666   1
3667   1
3668   0
3669   1
3670   4
3671   0
3672   2
3673   1
3674   3
3675   1
3676   0
3677   0
3678   1
3679   0
3680   0
3681   0
3682   0
3683   1
3684   0
3685   1
3686   1
3687   1
3688   1
3689   0
3690   0
3691   0
3692   0
3693   0
3694   0
3695   0
3696   0
3697   0
3698   0
3699   1
3700   0
3701   0
3702   0
3703   0
3704   0
3705   0
3706   0
3707   0
3708   0
3709   0
3710   0
3711   1
3712   0
3713   0
3714   0
3715   0
3716   2
3717   0
3718   1
3719   0
3720   0
3721   0
3722   1
3723   1
3724   0
3725   0
3726   0
3727   0
3728   0
3729   0
3730   1
3731   0
3732   0
3733   1
3734   0
3735   0
3736   0
3737   0
3738   0
3739   0
3740   0
3741   0
3742   1
3743   0
3744   0
3745   0
3746   2
3747   0
3748   0
3749   0
3750   0
3751   0
3752   0
3753   0
3754   0
3755   0
3756   0
3757   0
3758   0
3759   0
3760   0
3761   3
3762   0
3763   0
3764   0
3765   0
3766   0
3767   1
3768   0
3769   0
3770   0
3771   0
3772   0
3773   0
3774   0
3775   0
3776   2
3777   0
3778   0
3779   1
3780   0
3781   0
3782   0
3783   0
3784   0
3785   2
3786   0
3787   0
3788   1
3789   2
3790   0
3791   1
3792   0
3793   0
3794   0
3795   0
3796   1
3797   0
3798   0
3799   0
3800   0
3801   0
3802   0
3803   1
3804   0
3805   0
3806   1
3807   0
3808   0
3809   0
3810   0
3811   0
3812   0
3813   2
3814   0
3815   0
3816   0
3817   0
3818   0
3819   0
3820   0
3821   0
3822   0
3823   0
3824   0
3825   1
3826   0
3827   0
3828   0
3829   0
3830   0
3831   0
3832   0
3833   0
3834   0
3835   0
3836   0
3837   0
3838   0
3839   0
3840   0
3841   1
3842   1
3843   2
3844   0
3845   0
3846   0
3847   2
3848   0
3849   0
3850   0
3851   0
3852   0
3853   0
3854   0
3855   0
3856   0
3857   0
3858   0
3859   0
3860   0
3861   1
3862   1
3863   0
3864   1
3865   1
3866   1
3867   0
3868   2
3869   0
3870   0
3871   2
3872   0
3873   0
3874   0
3875   0
3876   0
3877   0
3878   0
3879   0
3880   0
3881   0
3882   0
3883   0
3884   1
3885   0
3886   1
3887   0
3888   0
3889   0
3890   1
3891   1
3892   2
3893   0
3894   1
3895   1
3896   1
3897   0
3898   0
3899   1
3900   0
3901   0
3902   0
3903   0
3904   0
3905   0
3906   0
3907   0
3908   0
3909   0
3910   0
3911   1
3912   0
3913   0
3914   0
3915   0
3916   1
3917   0
3918   1
3919   1
3920   1
3921   0
3922   1
3923   2
3924   5
3925   3
3926   3
3927   4
3928   7
3929   6
3930   5
3931   8
3932   5
3933   1
3934   0
3935   1
3936   1
3937   0
3938   1
3939   0
3940   0
3941   0
3942   0
3943   2
3944   0
3945   1
3946   2
3947   1
3948   4
3949   0
3950   1
3951   1
3952   0
3953   4
3954   1
3955   0
3956   2
3957   0
3958   0
3959   0
3960   0
3961   0
3962   0
3963   0
3964   0
3965   0
3966   0
3967   0
3968   0
3969   0
3970   0
3971   1
3972   1
3973   1
3974   0
3975   6
3976   0
3977   2
3978   5
3979   3
3980   1
3981   0
3982   0
3983   0
3984   0
3985   0
3986   1
3987   1
3988   0
3989   1
3990   0
3991   0
3992   3
3993   2
3994   0
3995   1
3996   0
3997   0
3998   0
3999   3
4000   0
4001   1
4002   1
4003   0
4004   0
4005   0
4006   0
4007   0
4008   0
4009   0
4010   0
4011   1
4012   0
4013   0
4014   0
4015   1
4016   0
4017   1
4018   1
4019   0
4020   0
4021   0
4022   0
4023   0
4024   0
4025   1
4026   2
4027   0
4028   0
4029   3
4030   5
4031   9
4032   7
4033   2
4034   0
4035   1
4036   1
4037   0
4038   0
4039   0
4040   1
4041   1
4042   0
4043   0
4044   0
4045   0
4046   0
4047   1
4048   0
4049   0
4050   0
4051   0
4052   0
4053   0
4054   0
4055   0
4056   0
4057   0
4058   0
4059   0
4060   0
4061   0
4062   0
4063   0
4064   0
4065   0
4066   0
4067   0
4068   0
4069   0
4070   0
4071   0
4072   0
4073   0
4074   2
4075   0
4076   0
4077   0
4078   0
4079   0
4080   0
4081   0
4082   0
4083   0
4084   0
4085   0
4086   0
4087   0
4088   0
4089   0
4090   0
4091   0
4092   0
4093   0
4094   0
4095   212
