0   0
1   0
2   0
3   0
4   0
5   0
6   0
7   0
8   0
9   0
10   0
11   0
12   0
13   0
14   0
15   0
16   0
17   0
18   0
19   0
20   0
21   0
22   0
23   0
24   0
25   0
26   0
27   0
28   0
29   0
30   0
31   0
32   0
33   0
34   0
35   0
36   0
37   0
38   0
39   0
40   0
41   0
42   0
43   0
44   0
45   0
46   0
47   0
48   0
49   0
50   0
51   0
52   0
53   0
54   0
55   0
56   0
57   0
58   0
59   0
60   0
61   0
62   0
63   0
64   0
65   0
66   0
67   0
68   0
69   0
70   0
71   0
72   0
73   0
74   0
75   0
76   0
77   0
78   0
79   0
80   0
81   0
82   0
83   0
84   0
85   0
86   0
87   0
88   0
89   0
90   0
91   0
92   0
93   0
94   0
95   0
96   0
97   0
98   0
99   0
100   8
101   1810
102   11182
103   5347
104   149
105   1
106   0
107   0
108   0
109   0
110   0
111   0
112   0
113   0
114   0
115   0
116   0
117   0
118   0
119   0
120   0
121   0
122   0
123   0
124   0
125   0
126   0
127   0
128   0
129   0
130   0
131   0
132   0
133   0
134   0
135   0
136   0
137   0
138   0
139   0
140   0
141   0
142   0
143   0
144   0
145   0
146   0
147   0
148   0
149   0
150   0
151   0
152   0
153   0
154   0
155   0
156   0
157   0
158   0
159   0
160   0
161   0
162   0
163   0
164   0
165   0
166   0
167   0
168   0
169   0
170   0
171   0
172   0
173   0
174   0
175   0
176   0
177   0
178   0
179   0
180   0
181   0
182   0
183   0
184   0
185   0
186   0
187   0
188   0
189   0
190   0
191   0
192   0
193   0
194   0
195   0
196   0
197   0
198   0
199   0
200   0
201   0
202   0
203   0
204   0
205   0
206   0
207   0
208   0
209   0
210   0
211   0
212   0
213   0
214   0
215   0
216   0
217   0
218   0
219   0
220   0
221   0
222   0
223   0
224   0
225   0
226   0
227   0
228   0
229   0
230   0
231   0
232   0
233   0
234   0
235   0
236   0
237   0
238   0
239   0
240   0
241   0
242   0
243   0
244   0
245   0
246   0
247   0
248   0
249   0
250   0
251   0
252   0
253   0
254   0
255   0
256   0
257   0
258   0
259   0
260   0
261   0
262   0
263   0
264   0
265   0
266   0
267   0
268   0
269   0
270   0
271   0
272   0
273   0
274   0
275   0
276   0
277   0
278   0
279   0
280   0
281   0
282   0
283   0
284   0
285   0
286   0
287   0
288   0
289   0
290   0
291   0
292   0
293   0
294   0
295   0
296   0
297   0
298   0
299   0
300   0
301   0
302   0
303   0
304   0
305   0
306   0
307   0
308   0
309   0
310   0
311   0
312   0
313   0
314   0
315   0
316   0
317   0
318   0
319   0
320   0
321   0
322   0
323   0
324   0
325   0
326   0
327   0
328   0
329   0
330   0
331   0
332   0
333   0
334   0
335   0
336   0
337   0
338   0
339   0
340   0
341   0
342   0
343   0
344   0
345   0
346   0
347   0
348   0
349   0
350   0
351   0
352   0
353   0
354   0
355   0
356   0
357   1
358   0
359   0
360   0
361   0
362   0
363   0
364   0
365   0
366   0
367   0
368   0
369   0
370   0
371   0
372   0
373   0
374   0
375   0
376   0
377   0
378   0
379   0
380   0
381   0
382   0
383   0
384   0
385   0
386   0
387   0
388   0
389   0
390   0
391   0
392   0
393   0
394   0
395   0
396   0
397   0
398   0
399   0
400   0
401   0
402   0
403   0
404   0
405   0
406   0
407   0
408   0
409   0
410   0
411   0
412   0
413   0
414   0
415   0
416   0
417   0
418   0
419   0
420   0
421   0
422   0
423   0
424   0
425   0
426   0
427   0
428   0
429   0
430   0
431   0
432   0
433   0
434   0
435   0
436   0
437   0
438   0
439   0
440   0
441   0
442   0
443   0
444   0
445   0
446   0
447   0
448   0
449   0
450   0
451   0
452   0
453   0
454   1
455   0
456   0
457   0
458   0
459   0
460   0
461   0
462   0
463   0
464   0
465   0
466   0
467   0
468   0
469   0
470   0
471   0
472   0
473   0
474   0
475   0
476   0
477   0
478   0
479   0
480   0
481   0
482   0
483   0
484   0
485   0
486   0
487   0
488   0
489   0
490   0
491   0
492   0
493   0
494   0
495   0
496   0
497   0
498   0
499   0
500   0
501   0
502   0
503   0
504   0
505   0
506   0
507   0
508   0
509   0
510   0
511   0
512   0
513   0
514   0
515   0
516   0
517   1
518   0
519   0
520   0
521   0
522   0
523   0
524   0
525   0
526   0
527   0
528   0
529   0
530   1
531   0
532   0
533   1
534   0
535   0
536   0
537   0
538   0
539   0
540   0
541   1
542   0
543   1
544   1
545   1
546   0
547   0
548   0
549   0
550   1
551   0
552   1
553   0
554   3
555   1
556   0
557   0
558   1
559   0
560   2
561   1
562   1
563   3
564   1
565   2
566   2
567   4
568   1
569   3
570   5
571   3
572   1
573   1
574   1
575   4
576   3
577   0
578   0
579   2
580   2
581   0
582   3
583   1
584   3
585   4
586   2
587   3
588   4
589   5
590   4
591   3
592   5
593   1
594   4
595   3
596   1
597   6
598   3
599   4
600   0
601   4
602   4
603   4
604   2
605   4
606   9
607   8
608   10
609   8
610   11
611   14
612   12
613   18
614   17
615   13
616   15
617   14
618   13
619   11
620   13
621   12
622   20
623   13
624   17
625   19
626   17
627   20
628   28
629   28
630   22
631   27
632   25
633   23
634   30
635   36
636   35
637   45
638   43
639   55
640   55
641   34
642   50
643   48
644   49
645   54
646   52
647   49
648   59
649   56
650   57
651   54
652   46
653   52
654   47
655   63
656   57
657   55
658   53
659   68
660   65
661   82
662   79
663   88
664   93
665   65
666   90
667   86
668   92
669   93
670   95
671   93
672   116
673   104
674   95
675   108
676   80
677   88
678   124
679   87
680   109
681   98
682   80
683   76
684   77
685   56
686   64
687   75
688   77
689   60
690   50
691   53
692   47
693   50
694   40
695   37
696   39
697   42
698   39
699   35
700   24
701   24
702   22
703   20
704   21
705   20
706   21
707   14
708   32
709   21
710   14
711   19
712   14
713   10
714   9
715   5
716   11
717   8
718   15
719   14
720   7
721   5
722   11
723   5
724   7
725   7
726   10
727   8
728   10
729   5
730   5
731   11
732   5
733   10
734   4
735   4
736   2
737   5
738   5
739   6
740   5
741   4
742   3
743   1
744   2
745   0
746   6
747   4
748   8
749   11
750   7
751   6
752   4
753   12
754   21
755   12
756   21
757   20
758   24
759   23
760   15
761   23
762   24
763   19
764   20
765   16
766   24
767   18
768   18
769   7
770   4
771   9
772   4
773   4
774   5
775   4
776   3
777   3
778   4
779   1
780   5
781   3
782   2
783   3
784   2
785   3
786   3
787   2
788   4
789   2
790   2
791   4
792   2
793   4
794   3
795   4
796   1
797   5
798   1
799   3
800   2
801   1
802   7
803   6
804   4
805   6
806   9
807   14
808   17
809   28
810   19
811   24
812   40
813   38
814   49
815   44
816   39
817   57
818   40
819   36
820   24
821   21
822   25
823   19
824   11
825   12
826   4
827   5
828   1
829   2
830   3
831   2
832   2
833   2
834   3
835   1
836   3
837   3
838   3
839   4
840   3
841   2
842   5
843   8
844   9
845   2
846   2
847   2
848   1
849   5
850   3
851   0
852   3
853   0
854   0
855   4
856   2
857   0
858   2
859   2
860   2
861   1
862   1
863   3
864   1
865   1
866   2
867   2
868   2
869   4
870   2
871   3
872   1
873   1
874   6
875   0
876   4
877   4
878   4
879   1
880   2
881   2
882   2
883   3
884   3
885   2
886   1
887   2
888   1
889   2
890   5
891   3
892   0
893   2
894   1
895   4
896   0
897   5
898   1
899   4
900   3
901   3
902   2
903   1
904   1
905   5
906   4
907   6
908   3
909   5
910   3
911   5
912   4
913   4
914   6
915   4
916   3
917   8
918   3
919   5
920   3
921   1
922   2
923   2
924   2
925   2
926   3
927   3
928   3
929   3
930   0
931   2
932   3
933   1
934   7
935   3
936   5
937   10
938   5
939   9
940   10
941   4
942   10
943   9
944   13
945   10
946   10
947   10
948   5
949   4
950   3
951   1
952   3
953   4
954   1
955   4
956   3
957   3
958   2
959   4
960   1
961   0
962   2
963   2
964   3
965   2
966   2
967   1
968   1
969   1
970   0
971   0
972   1
973   0
974   1
975   1
976   1
977   1
978   0
979   3
980   0
981   1
982   0
983   2
984   3
985   6
986   7
987   11
988   5
989   8
990   4
991   5
992   9
993   7
994   9
995   14
996   10
997   10
998   6
999   5
1000   5
1001   4
1002   3
1003   1
1004   2
1005   3
1006   4
1007   1
1008   0
1009   1
1010   2
1011   1
1012   0
1013   3
1014   0
1015   1
1016   2
1017   1
1018   0
1019   2
1020   3
1021   0
1022   3
1023   1
1024   2
1025   1
1026   0
1027   4
1028   2
1029   2
1030   0
1031   2
1032   3
1033   2
1034   3
1035   1
1036   6
1037   0
1038   4
1039   1
1040   5
1041   1
1042   3
1043   5
1044   2
1045   2
1046   3
1047   4
1048   1
1049   6
1050   3
1051   3
1052   3
1053   2
1054   3
1055   3
1056   3
1057   5
1058   3
1059   5
1060   5
1061   5
1062   3
1063   3
1064   0
1065   0
1066   2
1067   1
1068   1
1069   1
1070   1
1071   1
1072   1
1073   0
1074   0
1075   0
1076   1
1077   0
1078   0
1079   1
1080   2
1081   2
1082   2
1083   3
1084   3
1085   0
1086   0
1087   1
1088   0
1089   0
1090   1
1091   3
1092   3
1093   4
1094   1
1095   1
1096   2
1097   3
1098   4
1099   3
1100   3
1101   10
1102   11
1103   10
1104   17
1105   8
1106   13
1107   19
1108   18
1109   25
1110   35
1111   20
1112   29
1113   13
1114   27
1115   15
1116   16
1117   8
1118   16
1119   11
1120   6
1121   6
1122   6
1123   3
1124   3
1125   4
1126   2
1127   2
1128   2
1129   3
1130   2
1131   0
1132   2
1133   3
1134   1
1135   1
1136   1
1137   1
1138   5
1139   4
1140   2
1141   4
1142   11
1143   6
1144   7
1145   10
1146   10
1147   17
1148   14
1149   7
1150   15
1151   12
1152   16
1153   11
1154   13
1155   22
1156   4
1157   8
1158   17
1159   19
1160   6
1161   12
1162   5
1163   7
1164   12
1165   19
1166   19
1167   12
1168   23
1169   19
1170   24
1171   37
1172   50
1173   50
1174   76
1175   76
1176   87
1177   137
1178   129
1179   132
1180   156
1181   161
1182   156
1183   173
1184   132
1185   133
1186   107
1187   81
1188   77
1189   61
1190   44
1191   43
1192   35
1193   20
1194   14
1195   10
1196   8
1197   8
1198   6
1199   2
1200   2
1201   3
1202   1
1203   2
1204   5
1205   3
1206   2
1207   2
1208   4
1209   2
1210   3
1211   2
1212   3
1213   7
1214   8
1215   8
1216   6
1217   18
1218   8
1219   11
1220   15
1221   5
1222   8
1223   10
1224   9
1225   4
1226   9
1227   11
1228   5
1229   3
1230   5
1231   3
1232   5
1233   7
1234   6
1235   2
1236   2
1237   4
1238   5
1239   1
1240   4
1241   3
1242   4
1243   1
1244   4
1245   9
1246   10
1247   8
1248   14
1249   9
1250   22
1251   25
1252   31
1253   37
1254   46
1255   42
1256   60
1257   43
1258   50
1259   56
1260   74
1261   55
1262   51
1263   42
1264   59
1265   37
1266   44
1267   31
1268   30
1269   18
1270   23
1271   13
1272   6
1273   5
1274   7
1275   2
1276   4
1277   0
1278   2
1279   1
1280   1
1281   1
1282   3
1283   3
1284   1
1285   4
1286   5
1287   2
1288   2
1289   7
1290   4
1291   16
1292   9
1293   15
1294   10
1295   12
1296   11
1297   16
1298   18
1299   12
1300   12
1301   14
1302   17
1303   13
1304   14
1305   7
1306   10
1307   11
1308   5
1309   8
1310   9
1311   6
1312   11
1313   7
1314   9
1315   11
1316   6
1317   7
1318   10
1319   4
1320   11
1321   2
1322   6
1323   7
1324   7
1325   3
1326   5
1327   5
1328   6
1329   3
1330   5
1331   4
1332   4
1333   6
1334   3
1335   3
1336   4
1337   2
1338   3
1339   2
1340   5
1341   3
1342   8
1343   6
1344   6
1345   9
1346   9
1347   16
1348   22
1349   21
1350   20
1351   19
1352   21
1353   20
1354   16
1355   14
1356   12
1357   9
1358   14
1359   4
1360   8
1361   4
1362   8
1363   1
1364   2
1365   1
1366   4
1367   2
1368   2
1369   4
1370   2
1371   0
1372   0
1373   2
1374   0
1375   3
1376   2
1377   0
1378   1
1379   0
1380   0
1381   0
1382   1
1383   2
1384   0
1385   0
1386   4
1387   5
1388   0
1389   1
1390   1
1391   2
1392   1
1393   0
1394   8
1395   4
1396   2
1397   5
1398   5
1399   4
1400   6
1401   6
1402   2
1403   4
1404   1
1405   4
1406   1
1407   3
1408   5
1409   6
1410   2
1411   4
1412   3
1413   3
1414   5
1415   2
1416   0
1417   2
1418   1
1419   3
1420   0
1421   3
1422   0
1423   4
1424   2
1425   3
1426   2
1427   1
1428   3
1429   1
1430   2
1431   4
1432   4
1433   2
1434   5
1435   3
1436   2
1437   7
1438   7
1439   8
1440   7
1441   5
1442   6
1443   11
1444   16
1445   3
1446   10
1447   12
1448   9
1449   18
1450   20
1451   14
1452   20
1453   37
1454   32
1455   43
1456   57
1457   58
1458   63
1459   77
1460   80
1461   84
1462   100
1463   77
1464   90
1465   108
1466   93
1467   81
1468   86
1469   89
1470   64
1471   63
1472   36
1473   32
1474   19
1475   27
1476   20
1477   13
1478   11
1479   7
1480   8
1481   5
1482   5
1483   5
1484   4
1485   4
1486   3
1487   6
1488   5
1489   4
1490   4
1491   2
1492   3
1493   2
1494   3
1495   5
1496   3
1497   2
1498   2
1499   4
1500   4
1501   5
1502   1
1503   2
1504   3
1505   3
1506   4
1507   1
1508   0
1509   1
1510   0
1511   2
1512   7
1513   2
1514   1
1515   3
1516   3
1517   4
1518   2
1519   3
1520   4
1521   6
1522   6
1523   10
1524   9
1525   4
1526   10
1527   14
1528   7
1529   5
1530   9
1531   10
1532   9
1533   12
1534   7
1535   5
1536   1
1537   2
1538   2
1539   4
1540   1
1541   2
1542   0
1543   0
1544   0
1545   1
1546   2
1547   0
1548   5
1549   3
1550   1
1551   3
1552   2
1553   6
1554   3
1555   4
1556   3
1557   2
1558   2
1559   0
1560   4
1561   1
1562   6
1563   1
1564   0
1565   0
1566   1
1567   2
1568   0
1569   2
1570   2
1571   2
1572   1
1573   3
1574   3
1575   2
1576   1
1577   5
1578   2
1579   2
1580   4
1581   1
1582   7
1583   2
1584   4
1585   1
1586   3
1587   4
1588   3
1589   3
1590   7
1591   1
1592   2
1593   2
1594   0
1595   5
1596   3
1597   5
1598   0
1599   2
1600   1
1601   0
1602   1
1603   1
1604   2
1605   0
1606   1
1607   2
1608   3
1609   3
1610   0
1611   3
1612   4
1613   1
1614   2
1615   1
1616   0
1617   1
1618   0
1619   1
1620   0
1621   4
1622   1
1623   0
1624   2
1625   1
1626   2
1627   1
1628   0
1629   1
1630   1
1631   1
1632   0
1633   1
1634   1
1635   3
1636   2
1637   1
1638   2
1639   2
1640   1
1641   1
1642   1
1643   0
1644   1
1645   2
1646   3
1647   0
1648   3
1649   1
1650   2
1651   2
1652   4
1653   2
1654   1
1655   0
1656   5
1657   4
1658   3
1659   3
1660   1
1661   1
1662   4
1663   0
1664   1
1665   1
1666   3
1667   2
1668   1
1669   0
1670   1
1671   2
1672   3
1673   3
1674   4
1675   2
1676   6
1677   4
1678   6
1679   5
1680   11
1681   6
1682   3
1683   11
1684   17
1685   24
1686   20
1687   31
1688   27
1689   30
1690   52
1691   54
1692   56
1693   64
1694   80
1695   69
1696   85
1697   92
1698   79
1699   84
1700   69
1701   52
1702   73
1703   65
1704   49
1705   51
1706   61
1707   59
1708   49
1709   60
1710   82
1711   62
1712   82
1713   118
1714   82
1715   113
1716   113
1717   95
1718   85
1719   77
1720   68
1721   61
1722   53
1723   51
1724   40
1725   32
1726   24
1727   24
1728   19
1729   16
1730   10
1731   11
1732   13
1733   14
1734   10
1735   9
1736   16
1737   9
1738   8
1739   21
1740   8
1741   4
1742   8
1743   7
1744   5
1745   7
1746   9
1747   1
1748   1
1749   1
1750   4
1751   2
1752   1
1753   3
1754   1
1755   4
1756   2
1757   1
1758   2
1759   2
1760   1
1761   1
1762   1
1763   3
1764   2
1765   0
1766   5
1767   4
1768   4
1769   1
1770   11
1771   9
1772   8
1773   6
1774   8
1775   11
1776   15
1777   10
1778   10
1779   13
1780   17
1781   34
1782   24
1783   30
1784   45
1785   54
1786   52
1787   72
1788   73
1789   66
1790   74
1791   84
1792   68
1793   70
1794   63
1795   65
1796   54
1797   36
1798   29
1799   34
1800   21
1801   17
1802   9
1803   14
1804   4
1805   3
1806   5
1807   5
1808   6
1809   4
1810   2
1811   2
1812   5
1813   4
1814   0
1815   1
1816   2
1817   5
1818   1
1819   1
1820   1
1821   1
1822   3
1823   3
1824   3
1825   3
1826   0
1827   3
1828   4
1829   1
1830   2
1831   3
1832   3
1833   0
1834   1
1835   7
1836   3
1837   1
1838   1
1839   3
1840   2
1841   1
1842   0
1843   3
1844   2
1845   2
1846   0
1847   1
1848   1
1849   2
1850   1
1851   0
1852   1
1853   1
1854   2
1855   2
1856   2
1857   0
1858   0
1859   0
1860   1
1861   0
1862   0
1863   0
1864   0
1865   1
1866   1
1867   1
1868   1
1869   2
1870   0
1871   0
1872   2
1873   0
1874   2
1875   3
1876   0
1877   1
1878   1
1879   3
1880   3
1881   1
1882   2
1883   1
1884   1
1885   0
1886   0
1887   0
1888   0
1889   1
1890   1
1891   1
1892   0
1893   0
1894   0
1895   1
1896   0
1897   0
1898   0
1899   1
1900   1
1901   1
1902   1
1903   1
1904   2
1905   5
1906   0
1907   2
1908   1
1909   0
1910   0
1911   0
1912   1
1913   1
1914   0
1915   1
1916   1
1917   1
1918   0
1919   2
1920   2
1921   3
1922   2
1923   4
1924   2
1925   2
1926   3
1927   0
1928   3
1929   1
1930   6
1931   1
1932   4
1933   1
1934   0
1935   6
1936   8
1937   11
1938   5
1939   8
1940   6
1941   10
1942   9
1943   14
1944   10
1945   8
1946   9
1947   6
1948   11
1949   9
1950   6
1951   8
1952   3
1953   0
1954   8
1955   5
1956   2
1957   0
1958   4
1959   1
1960   3
1961   5
1962   6
1963   6
1964   5
1965   4
1966   8
1967   7
1968   6
1969   6
1970   3
1971   2
1972   4
1973   4
1974   3
1975   4
1976   2
1977   3
1978   0
1979   3
1980   1
1981   1
1982   3
1983   2
1984   0
1985   1
1986   4
1987   1
1988   1
1989   0
1990   2
1991   0
1992   1
1993   1
1994   3
1995   0
1996   2
1997   0
1998   2
1999   2
2000   3
2001   1
2002   2
2003   1
2004   1
2005   2
2006   2
2007   2
2008   1
2009   1
2010   1
2011   1
2012   1
2013   1
2014   2
2015   2
2016   0
2017   0
2018   1
2019   2
2020   2
2021   1
2022   2
2023   3
2024   2
2025   2
2026   4
2027   7
2028   3
2029   4
2030   7
2031   9
2032   7
2033   13
2034   28
2035   25
2036   31
2037   18
2038   42
2039   44
2040   45
2041   43
2042   55
2043   49
2044   44
2045   41
2046   33
2047   29
2048   23
2049   21
2050   23
2051   17
2052   13
2053   11
2054   7
2055   10
2056   15
2057   2
2058   13
2059   16
2060   14
2061   11
2062   13
2063   13
2064   18
2065   23
2066   16
2067   27
2068   14
2069   10
2070   20
2071   15
2072   13
2073   17
2074   10
2075   5
2076   8
2077   7
2078   7
2079   3
2080   6
2081   4
2082   4
2083   3
2084   2
2085   0
2086   1
2087   4
2088   1
2089   3
2090   4
2091   1
2092   3
2093   2
2094   1
2095   3
2096   2
2097   2
2098   2
2099   1
2100   0
2101   0
2102   0
2103   0
2104   1
2105   1
2106   1
2107   1
2108   0
2109   2
2110   4
2111   4
2112   1
2113   0
2114   2
2115   2
2116   3
2117   3
2118   2
2119   3
2120   3
2121   6
2122   2
2123   5
2124   8
2125   5
2126   6
2127   11
2128   17
2129   15
2130   21
2131   23
2132   41
2133   23
2134   37
2135   36
2136   30
2137   35
2138   37
2139   44
2140   26
2141   29
2142   32
2143   35
2144   41
2145   40
2146   48
2147   44
2148   66
2149   95
2150   99
2151   119
2152   161
2153   192
2154   309
2155   387
2156   417
2157   482
2158   703
2159   721
2160   922
2161   950
2162   956
2163   1090
2164   1105
2165   1091
2166   1160
2167   1136
2168   1071
2169   1036
2170   1055
2171   1006
2172   870
2173   896
2174   832
2175   777
2176   633
2177   560
2178   486
2179   367
2180   323
2181   222
2182   147
2183   127
2184   97
2185   66
2186   39
2187   46
2188   15
2189   27
2190   8
2191   18
2192   10
2193   17
2194   16
2195   8
2196   7
2197   4
2198   3
2199   3
2200   6
2201   6
2202   3
2203   3
2204   1
2205   1
2206   3
2207   2
2208   2
2209   2
2210   1
2211   1
2212   1
2213   4
2214   1
2215   0
2216   3
2217   1
2218   1
2219   1
2220   3
2221   1
2222   1
2223   1
2224   2
2225   1
2226   1
2227   1
2228   2
2229   4
2230   2
2231   0
2232   0
2233   3
2234   0
2235   1
2236   1
2237   1
2238   3
2239   0
2240   4
2241   8
2242   6
2243   8
2244   7
2245   5
2246   9
2247   10
2248   17
2249   17
2250   13
2251   32
2252   32
2253   19
2254   26
2255   26
2256   21
2257   40
2258   35
2259   29
2260   36
2261   23
2262   20
2263   22
2264   9
2265   15
2266   16
2267   7
2268   5
2269   9
2270   8
2271   4
2272   7
2273   1
2274   4
2275   2
2276   1
2277   1
2278   1
2279   1
2280   2
2281   0
2282   0
2283   0
2284   0
2285   2
2286   0
2287   0
2288   1
2289   1
2290   0
2291   0
2292   0
2293   0
2294   2
2295   0
2296   0
2297   2
2298   0
2299   2
2300   4
2301   1
2302   0
2303   1
2304   0
2305   0
2306   0
2307   2
2308   3
2309   0
2310   2
2311   1
2312   0
2313   2
2314   0
2315   1
2316   0
2317   1
2318   2
2319   1
2320   0
2321   0
2322   2
2323   3
2324   2
2325   3
2326   0
2327   2
2328   3
2329   2
2330   5
2331   2
2332   2
2333   3
2334   5
2335   7
2336   8
2337   10
2338   17
2339   19
2340   24
2341   23
2342   34
2343   30
2344   39
2345   43
2346   48
2347   45
2348   28
2349   35
2350   29
2351   38
2352   32
2353   26
2354   20
2355   15
2356   10
2357   6
2358   5
2359   8
2360   4
2361   4
2362   0
2363   1
2364   2
2365   0
2366   0
2367   0
2368   0
2369   2
2370   3
2371   1
2372   1
2373   3
2374   0
2375   3
2376   2
2377   1
2378   2
2379   1
2380   0
2381   0
2382   1
2383   1
2384   1
2385   1
2386   0
2387   1
2388   2
2389   0
2390   3
2391   1
2392   0
2393   0
2394   1
2395   0
2396   0
2397   2
2398   0
2399   2
2400   0
2401   2
2402   1
2403   2
2404   1
2405   0
2406   1
2407   0
2408   2
2409   0
2410   1
2411   1
2412   1
2413   2
2414   0
2415   1
2416   0
2417   0
2418   2
2419   1
2420   0
2421   1
2422   0
2423   0
2424   1
2425   0
2426   1
2427   1
2428   1
2429   1
2430   0
2431   0
2432   0
2433   1
2434   0
2435   1
2436   1
2437   1
2438   0
2439   2
2440   0
2441   1
2442   1
2443   0
2444   3
2445   0
2446   0
2447   0
2448   1
2449   0
2450   0
2451   0
2452   0
2453   2
2454   0
2455   1
2456   1
2457   0
2458   1
2459   0
2460   1
2461   0
2462   0
2463   0
2464   1
2465   1
2466   1
2467   0
2468   0
2469   0
2470   0
2471   0
2472   0
2473   3
2474   3
2475   2
2476   0
2477   0
2478   1
2479   3
2480   4
2481   4
2482   8
2483   10
2484   8
2485   7
2486   7
2487   10
2488   6
2489   13
2490   8
2491   10
2492   24
2493   15
2494   27
2495   19
2496   23
2497   24
2498   12
2499   13
2500   16
2501   9
2502   19
2503   21
2504   16
2505   22
2506   19
2507   32
2508   30
2509   35
2510   53
2511   47
2512   48
2513   52
2514   65
2515   59
2516   72
2517   60
2518   68
2519   51
2520   39
2521   46
2522   31
2523   23
2524   30
2525   30
2526   15
2527   15
2528   10
2529   11
2530   9
2531   5
2532   3
2533   1
2534   1
2535   1
2536   3
2537   1
2538   5
2539   1
2540   1
2541   2
2542   1
2543   1
2544   1
2545   1
2546   1
2547   2
2548   0
2549   1
2550   1
2551   1
2552   0
2553   1
2554   1
2555   0
2556   1
2557   1
2558   0
2559   0
2560   0
2561   1
2562   1
2563   0
2564   2
2565   0
2566   1
2567   0
2568   0
2569   1
2570   2
2571   1
2572   3
2573   1
2574   3
2575   0
2576   2
2577   0
2578   1
2579   0
2580   1
2581   2
2582   2
2583   0
2584   2
2585   1
2586   3
2587   2
2588   0
2589   2
2590   1
2591   1
2592   2
2593   1
2594   2
2595   6
2596   2
2597   3
2598   6
2599   5
2600   3
2601   6
2602   6
2603   5
2604   4
2605   4
2606   8
2607   4
2608   3
2609   4
2610   5
2611   4
2612   1
2613   6
2614   3
2615   0
2616   5
2617   0
2618   1
2619   2
2620   2
2621   4
2622   1
2623   0
2624   1
2625   1
2626   0
2627   0
2628   1
2629   0
2630   0
2631   1
2632   1
2633   0
2634   1
2635   1
2636   1
2637   1
2638   0
2639   1
2640   2
2641   0
2642   1
2643   4
2644   0
2645   0
2646   1
2647   0
2648   1
2649   2
2650   5
2651   5
2652   5
2653   9
2654   9
2655   10
2656   9
2657   18
2658   13
2659   17
2660   20
2661   14
2662   12
2663   22
2664   15
2665   14
2666   11
2667   14
2668   12
2669   9
2670   8
2671   5
2672   5
2673   7
2674   4
2675   0
2676   3
2677   3
2678   1
2679   2
2680   3
2681   2
2682   2
2683   1
2684   1
2685   2
2686   0
2687   1
2688   3
2689   2
2690   1
2691   0
2692   1
2693   1
2694   1
2695   0
2696   0
2697   0
2698   1
2699   0
2700   0
2701   1
2702   0
2703   1
2704   0
2705   0
2706   2
2707   2
2708   0
2709   0
2710   1
2711   1
2712   0
2713   0
2714   0
2715   1
2716   0
2717   0
2718   0
2719   0
2720   3
2721   1
2722   0
2723   0
2724   1
2725   0
2726   1
2727   2
2728   0
2729   2
2730   1
2731   7
2732   3
2733   3
2734   4
2735   4
2736   4
2737   3
2738   3
2739   2
2740   3
2741   2
2742   4
2743   4
2744   2
2745   1
2746   1
2747   1
2748   0
2749   1
2750   3
2751   1
2752   1
2753   1
2754   2
2755   1
2756   1
2757   2
2758   3
2759   0
2760   0
2761   0
2762   1
2763   1
2764   0
2765   0
2766   0
2767   1
2768   2
2769   0
2770   0
2771   1
2772   1
2773   2
2774   0
2775   1
2776   0
2777   2
2778   0
2779   0
2780   0
2781   1
2782   0
2783   2
2784   0
2785   0
2786   3
2787   1
2788   0
2789   0
2790   1
2791   0
2792   0
2793   0
2794   0
2795   1
2796   1
2797   0
2798   1
2799   1
2800   4
2801   0
2802   1
2803   1
2804   2
2805   0
2806   0
2807   0
2808   2
2809   1
2810   2
2811   0
2812   2
2813   0
2814   0
2815   0
2816   0
2817   1
2818   0
2819   1
2820   2
2821   0
2822   1
2823   0
2824   0
2825   0
2826   0
2827   0
2828   1
2829   0
2830   0
2831   2
2832   0
2833   1
2834   0
2835   1
2836   0
2837   2
2838   0
2839   4
2840   0
2841   0
2842   0
2843   0
2844   0
2845   1
2846   1
2847   1
2848   0
2849   0
2850   0
2851   0
2852   0
2853   0
2854   1
2855   1
2856   0
2857   1
2858   0
2859   1
2860   2
2861   0
2862   0
2863   3
2864   1
2865   2
2866   1
2867   0
2868   1
2869   1
2870   0
2871   2
2872   2
2873   1
2874   2
2875   2
2876   3
2877   1
2878   3
2879   4
2880   7
2881   3
2882   7
2883   5
2884   13
2885   14
2886   13
2887   24
2888   45
2889   32
2890   56
2891   52
2892   62
2893   79
2894   91
2895   97
2896   97
2897   100
2898   90
2899   105
2900   78
2901   56
2902   45
2903   56
2904   40
2905   25
2906   32
2907   11
2908   12
2909   7
2910   4
2911   5
2912   4
2913   3
2914   4
2915   4
2916   0
2917   2
2918   2
2919   1
2920   2
2921   3
2922   1
2923   0
2924   2
2925   0
2926   0
2927   1
2928   2
2929   1
2930   2
2931   1
2932   1
2933   2
2934   1
2935   1
2936   1
2937   0
2938   1
2939   0
2940   0
2941   0
2942   0
2943   2
2944   0
2945   1
2946   1
2947   1
2948   2
2949   0
2950   0
2951   0
2952   0
2953   0
2954   2
2955   1
2956   0
2957   1
2958   2
2959   0
2960   1
2961   1
2962   0
2963   0
2964   0
2965   1
2966   3
2967   0
2968   0
2969   0
2970   0
2971   1
2972   1
2973   1
2974   1
2975   0
2976   0
2977   2
2978   1
2979   0
2980   0
2981   0
2982   0
2983   0
2984   1
2985   0
2986   1
2987   0
2988   0
2989   1
2990   0
2991   0
2992   0
2993   1
2994   1
2995   0
2996   0
2997   1
2998   0
2999   0
3000   1
3001   0
3002   2
3003   1
3004   0
3005   1
3006   0
3007   0
3008   0
3009   0
3010   0
3011   0
3012   1
3013   1
3014   0
3015   0
3016   0
3017   1
3018   0
3019   0
3020   2
3021   0
3022   0
3023   1
3024   0
3025   0
3026   2
3027   1
3028   1
3029   0
3030   1
3031   1
3032   1
3033   0
3034   2
3035   3
3036   0
3037   0
3038   0
3039   1
3040   1
3041   0
3042   1
3043   0
3044   1
3045   1
3046   1
3047   0
3048   1
3049   0
3050   1
3051   0
3052   2
3053   0
3054   1
3055   2
3056   1
3057   1
3058   2
3059   1
3060   1
3061   0
3062   2
3063   0
3064   3
3065   2
3066   0
3067   0
3068   2
3069   0
3070   0
3071   0
3072   2
3073   1
3074   1
3075   2
3076   1
3077   1
3078   1
3079   1
3080   0
3081   1
3082   1
3083   0
3084   1
3085   0
3086   1
3087   1
3088   0
3089   0
3090   0
3091   1
3092   1
3093   1
3094   0
3095   1
3096   1
3097   2
3098   0
3099   0
3100   0
3101   0
3102   2
3103   0
3104   1
3105   0
3106   1
3107   2
3108   1
3109   1
3110   1
3111   0
3112   1
3113   1
3114   1
3115   0
3116   2
3117   1
3118   0
3119   1
3120   2
3121   2
3122   0
3123   1
3124   0
3125   0
3126   0
3127   1
3128   0
3129   1
3130   2
3131   1
3132   0
3133   1
3134   3
3135   0
3136   1
3137   1
3138   0
3139   1
3140   1
3141   2
3142   1
3143   2
3144   2
3145   1
3146   3
3147   3
3148   1
3149   7
3150   0
3151   5
3152   2
3153   3
3154   8
3155   6
3156   5
3157   7
3158   9
3159   6
3160   10
3161   4
3162   6
3163   3
3164   4
3165   3
3166   2
3167   2
3168   2
3169   0
3170   2
3171   1
3172   0
3173   2
3174   2
3175   1
3176   0
3177   3
3178   2
3179   1
3180   0
3181   2
3182   1
3183   0
3184   2
3185   2
3186   2
3187   0
3188   1
3189   0
3190   1
3191   2
3192   1
3193   0
3194   4
3195   1
3196   1
3197   1
3198   0
3199   3
3200   0
3201   1
3202   1
3203   0
3204   1
3205   1
3206   0
3207   1
3208   0
3209   1
3210   3
3211   0
3212   1
3213   0
3214   1
3215   1
3216   1
3217   1
3218   1
3219   1
3220   0
3221   1
3222   0
3223   0
3224   0
3225   0
3226   2
3227   1
3228   2
3229   2
3230   1
3231   1
3232   0
3233   0
3234   0
3235   3
3236   0
3237   1
3238   0
3239   2
3240   2
3241   2
3242   2
3243   0
3244   0
3245   1
3246   2
3247   3
3248   3
3249   1
3250   1
3251   0
3252   5
3253   3
3254   1
3255   1
3256   0
3257   0
3258   0
3259   2
3260   4
3261   2
3262   2
3263   0
3264   1
3265   0
3266   0
3267   1
3268   0
3269   1
3270   0
3271   0
3272   0
3273   2
3274   2
3275   0
3276   3
3277   0
3278   2
3279   0
3280   2
3281   2
3282   2
3283   1
3284   1
3285   1
3286   1
3287   2
3288   0
3289   1
3290   2
3291   0
3292   0
3293   1
3294   0
3295   1
3296   2
3297   0
3298   0
3299   0
3300   1
3301   0
3302   2
3303   1
3304   0
3305   1
3306   0
3307   0
3308   0
3309   0
3310   1
3311   1
3312   1
3313   0
3314   0
3315   0
3316   0
3317   0
3318   1
3319   0
3320   0
3321   1
3322   0
3323   0
3324   0
3325   0
3326   0
3327   1
3328   0
3329   1
3330   1
3331   1
3332   0
3333   0
3334   1
3335   1
3336   1
3337   1
3338   0
3339   0
3340   0
3341   1
3342   2
3343   0
3344   1
3345   0
3346   2
3347   1
3348   1
3349   0
3350   0
3351   0
3352   0
3353   0
3354   0
3355   2
3356   2
3357   2
3358   3
3359   2
3360   0
3361   0
3362   0
3363   2
3364   0
3365   0
3366   0
3367   0
3368   0
3369   2
3370   1
3371   1
3372   0
3373   0
3374   1
3375   2
3376   1
3377   0
3378   0
3379   0
3380   0
3381   0
3382   1
3383   1
3384   0
3385   0
3386   0
3387   2
3388   0
3389   1
3390   0
3391   0
3392   1
3393   1
3394   1
3395   1
3396   1
3397   0
3398   3
3399   1
3400   0
3401   2
3402   2
3403   0
3404   0
3405   2
3406   1
3407   0
3408   1
3409   0
3410   0
3411   1
3412   0
3413   0
3414   0
3415   0
3416   0
3417   0
3418   0
3419   2
3420   1
3421   1
3422   1
3423   1
3424   0
3425   0
3426   0
3427   1
3428   0
3429   0
3430   0
3431   0
3432   1
3433   1
3434   1
3435   0
3436   0
3437   0
3438   0
3439   1
3440   4
3441   0
3442   2
3443   2
3444   1
3445   0
3446   0
3447   0
3448   0
3449   0
3450   0
3451   3
3452   1
3453   3
3454   1
3455   0
3456   0
3457   0
3458   1
3459   1
3460   0
3461   3
3462   0
3463   1
3464   2
3465   0
3466   1
3467   0
3468   0
3469   0
3470   0
3471   0
3472   0
3473   0
3474   1
3475   1
3476   0
3477   0
3478   0
3479   1
3480   0
3481   2
3482   1
3483   2
3484   1
3485   1
3486   1
3487   1
3488   2
3489   1
3490   2
3491   1
3492   2
3493   4
3494   2
3495   1
3496   3
3497   2
3498   6
3499   12
3500   12
3501   14
3502   24
3503   22
3504   30
3505   38
3506   46
3507   59
3508   42
3509   62
3510   81
3511   58
3512   84
3513   78
3514   67
3515   65
3516   56
3517   64
3518   55
3519   42
3520   37
3521   21
3522   15
3523   16
3524   18
3525   12
3526   7
3527   4
3528   10
3529   5
3530   3
3531   0
3532   2
3533   1
3534   2
3535   2
3536   1
3537   3
3538   1
3539   1
3540   1
3541   0
3542   0
3543   0
3544   0
3545   1
3546   1
3547   1
3548   0
3549   1
3550   2
3551   0
3552   0
3553   0
3554   0
3555   0
3556   1
3557   1
3558   0
3559   2
3560   1
3561   0
3562   0
3563   0
3564   0
3565   0
3566   0
3567   1
3568   0
3569   0
3570   2
3571   2
3572   1
3573   2
3574   0
3575   0
3576   2
3577   1
3578   0
3579   3
3580   0
3581   0
3582   1
3583   1
3584   1
3585   1
3586   0
3587   0
3588   2
3589   0
3590   0
3591   0
3592   2
3593   0
3594   0
3595   2
3596   0
3597   0
3598   4
3599   1
3600   0
3601   1
3602   1
3603   1
3604   0
3605   1
3606   1
3607   0
3608   0
3609   0
3610   0
3611   0
3612   1
3613   1
3614   0
3615   0
3616   0
3617   0
3618   0
3619   1
3620   2
3621   0
3622   0
3623   1
3624   0
3625   1
3626   2
3627   4
3628   0
3629   0
3630   2
3631   0
3632   2
3633   0
3634   0
3635   0
3636   0
3637   0
3638   1
3639   1
3640   1
3641   0
3642   0
3643   0
3644   1
3645   0
3646   0
3647   0
3648   1
3649   0
3650   0
3651   0
3652   0
3653   1
3654   0
3655   0
3656   0
3657   0
3658   1
3659   1
3660   1
3661   0
3662   1
3663   0
3664   2
3665   0
3666   0
3667   0
3668   0
3669   1
3670   1
3671   2
3672   1
3673   1
3674   0
3675   0
3676   1
3677   0
3678   3
3679   2
3680   1
3681   1
3682   2
3683   0
3684   1
3685   2
3686   0
3687   1
3688   0
3689   1
3690   2
3691   1
3692   2
3693   0
3694   0
3695   3
3696   1
3697   1
3698   2
3699   3
3700   0
3701   2
3702   0
3703   0
3704   0
3705   0
3706   0
3707   1
3708   0
3709   1
3710   1
3711   0
3712   0
3713   1
3714   1
3715   0
3716   0
3717   0
3718   0
3719   1
3720   0
3721   0
3722   1
3723   0
3724   1
3725   1
3726   0
3727   0
3728   1
3729   1
3730   2
3731   0
3732   0
3733   1
3734   1
3735   2
3736   1
3737   1
3738   0
3739   1
3740   1
3741   1
3742   0
3743   2
3744   1
3745   0
3746   1
3747   1
3748   1
3749   0
3750   0
3751   1
3752   0
3753   1
3754   0
3755   0
3756   2
3757   2
3758   1
3759   0
3760   0
3761   0
3762   1
3763   1
3764   0
3765   2
3766   0
3767   1
3768   1
3769   0
3770   3
3771   0
3772   1
3773   2
3774   0
3775   0
3776   0
3777   2
3778   0
3779   0
3780   1
3781   0
3782   1
3783   1
3784   1
3785   1
3786   1
3787   0
3788   1
3789   1
3790   0
3791   0
3792   1
3793   0
3794   0
3795   0
3796   0
3797   2
3798   0
3799   0
3800   0
3801   1
3802   1
3803   0
3804   0
3805   0
3806   0
3807   0
3808   1
3809   0
3810   1
3811   3
3812   1
3813   0
3814   0
3815   3
3816   0
3817   2
3818   0
3819   0
3820   0
3821   0
3822   0
3823   1
3824   1
3825   0
3826   1
3827   0
3828   0
3829   2
3830   0
3831   0
3832   2
3833   0
3834   0
3835   1
3836   0
3837   0
3838   1
3839   0
3840   0
3841   0
3842   2
3843   0
3844   1
3845   0
3846   0
3847   0
3848   1
3849   0
3850   1
3851   0
3852   1
3853   2
3854   0
3855   0
3856   0
3857   1
3858   1
3859   1
3860   0
3861   0
3862   1
3863   0
3864   0
3865   0
3866   2
3867   0
3868   0
3869   1
3870   2
3871   2
3872   1
3873   1
3874   1
3875   2
3876   5
3877   4
3878   2
3879   6
3880   12
3881   18
3882   16
3883   17
3884   28
3885   25
3886   20
3887   27
3888   18
3889   27
3890   13
3891   18
3892   17
3893   14
3894   10
3895   6
3896   2
3897   0
3898   1
3899   2
3900   0
3901   4
3902   1
3903   3
3904   0
3905   1
3906   1
3907   0
3908   2
3909   0
3910   3
3911   3
3912   0
3913   0
3914   3
3915   0
3916   0
3917   3
3918   1
3919   1
3920   1
3921   2
3922   1
3923   1
3924   1
3925   1
3926   1
3927   1
3928   0
3929   3
3930   4
3931   1
3932   2
3933   1
3934   2
3935   5
3936   0
3937   3
3938   2
3939   1
3940   1
3941   1
3942   3
3943   1
3944   2
3945   2
3946   1
3947   2
3948   1
3949   2
3950   0
3951   1
3952   3
3953   0
3954   0
3955   0
3956   1
3957   2
3958   2
3959   0
3960   3
3961   1
3962   8
3963   5
3964   1
3965   5
3966   5
3967   2
3968   1
3969   4
3970   0
3971   1
3972   4
3973   1
3974   2
3975   3
3976   1
3977   3
3978   0
3979   1
3980   1
3981   3
3982   2
3983   4
3984   0
3985   1
3986   2
3987   1
3988   4
3989   4
3990   1
3991   1
3992   3
3993   3
3994   0
3995   0
3996   0
3997   1
3998   0
3999   0
4000   1
4001   2
4002   1
4003   2
4004   0
4005   0
4006   0
4007   1
4008   1
4009   1
4010   1
4011   0
4012   0
4013   0
4014   2
4015   0
4016   2
4017   0
4018   0
4019   0
4020   2
4021   0
4022   0
4023   0
4024   0
4025   1
4026   0
4027   0
4028   2
4029   1
4030   1
4031   0
4032   0
4033   1
4034   0
4035   0
4036   0
4037   0
4038   0
4039   0
4040   0
4041   0
4042   0
4043   0
4044   0
4045   0
4046   0
4047   0
4048   0
4049   0
4050   0
4051   0
4052   0
4053   0
4054   0
4055   0
4056   0
4057   0
4058   0
4059   0
4060   0
4061   0
4062   0
4063   0
4064   0
4065   0
4066   0
4067   0
4068   0
4069   0
4070   0
4071   1
4072   0
4073   0
4074   0
4075   0
4076   0
4077   0
4078   0
4079   0
4080   0
4081   0
4082   0
4083   0
4084   0
4085   0
4086   0
4087   0
4088   0
4089   0
4090   0
4091   0
4092   0
4093   0
4094   0
4095   293
