0   0
1   0
2   0
3   0
4   0
5   0
6   0
7   0
8   0
9   0
10   0
11   0
12   0
13   0
14   0
15   0
16   0
17   0
18   0
19   0
20   0
21   0
22   0
23   0
24   0
25   0
26   0
27   0
28   0
29   0
30   0
31   0
32   0
33   0
34   0
35   0
36   0
37   0
38   0
39   0
40   0
41   0
42   0
43   0
44   0
45   0
46   0
47   0
48   0
49   0
50   0
51   0
52   0
53   0
54   0
55   0
56   0
57   0
58   0
59   0
60   0
61   0
62   0
63   0
64   0
65   0
66   0
67   0
68   0
69   0
70   0
71   0
72   0
73   0
74   0
75   0
76   0
77   0
78   0
79   0
80   0
81   0
82   0
83   0
84   0
85   0
86   0
87   0
88   0
89   0
90   0
91   0
92   0
93   0
94   0
95   0
96   0
97   0
98   0
99   0
100   23
101   5271
102   28400
103   11141
104   209
105   0
106   0
107   0
108   0
109   0
110   0
111   0
112   0
113   0
114   0
115   0
116   0
117   0
118   0
119   0
120   0
121   0
122   0
123   0
124   0
125   0
126   0
127   0
128   0
129   0
130   0
131   0
132   0
133   0
134   0
135   0
136   0
137   0
138   0
139   0
140   0
141   0
142   0
143   0
144   0
145   0
146   0
147   0
148   0
149   0
150   0
151   0
152   0
153   0
154   0
155   0
156   0
157   0
158   0
159   0
160   0
161   0
162   0
163   0
164   0
165   0
166   0
167   0
168   0
169   0
170   0
171   0
172   0
173   0
174   0
175   0
176   0
177   0
178   0
179   0
180   0
181   0
182   0
183   0
184   0
185   0
186   0
187   0
188   0
189   0
190   0
191   0
192   0
193   0
194   0
195   0
196   0
197   0
198   0
199   0
200   0
201   0
202   0
203   0
204   0
205   0
206   0
207   0
208   0
209   0
210   0
211   0
212   0
213   0
214   0
215   0
216   0
217   0
218   0
219   0
220   0
221   0
222   0
223   0
224   0
225   0
226   0
227   0
228   0
229   0
230   0
231   0
232   0
233   0
234   0
235   0
236   0
237   0
238   0
239   0
240   0
241   0
242   0
243   0
244   0
245   0
246   0
247   0
248   0
249   0
250   0
251   0
252   0
253   0
254   0
255   0
256   0
257   0
258   0
259   0
260   0
261   0
262   0
263   0
264   0
265   0
266   0
267   0
268   0
269   0
270   0
271   0
272   0
273   0
274   0
275   0
276   0
277   0
278   0
279   0
280   0
281   0
282   0
283   0
284   0
285   0
286   0
287   0
288   0
289   0
290   0
291   0
292   0
293   0
294   0
295   0
296   0
297   0
298   0
299   0
300   0
301   0
302   0
303   0
304   0
305   0
306   0
307   0
308   0
309   0
310   0
311   0
312   0
313   0
314   0
315   0
316   0
317   0
318   0
319   0
320   0
321   0
322   0
323   0
324   0
325   0
326   1
327   0
328   0
329   0
330   0
331   0
332   0
333   0
334   0
335   0
336   1
337   0
338   0
339   1
340   0
341   0
342   0
343   0
344   0
345   0
346   0
347   0
348   0
349   0
350   0
351   0
352   0
353   0
354   0
355   0
356   0
357   1
358   0
359   0
360   0
361   0
362   0
363   0
364   1
365   0
366   0
367   0
368   0
369   0
370   0
371   0
372   0
373   0
374   0
375   0
376   0
377   0
378   0
379   0
380   0
381   0
382   0
383   0
384   0
385   1
386   0
387   0
388   0
389   0
390   0
391   0
392   0
393   0
394   0
395   0
396   0
397   0
398   0
399   0
400   0
401   1
402   0
403   0
404   0
405   0
406   0
407   0
408   0
409   0
410   0
411   0
412   0
413   0
414   0
415   0
416   0
417   0
418   0
419   0
420   0
421   0
422   0
423   0
424   0
425   0
426   1
427   0
428   0
429   0
430   0
431   0
432   0
433   0
434   0
435   1
436   0
437   0
438   0
439   0
440   0
441   0
442   0
443   1
444   0
445   0
446   2
447   0
448   0
449   0
450   0
451   0
452   0
453   0
454   0
455   0
456   0
457   0
458   0
459   0
460   0
461   0
462   0
463   0
464   0
465   0
466   0
467   0
468   0
469   0
470   0
471   1
472   0
473   0
474   1
475   0
476   0
477   0
478   0
479   0
480   0
481   0
482   0
483   0
484   0
485   0
486   0
487   0
488   0
489   0
490   0
491   0
492   0
493   0
494   0
495   0
496   0
497   1
498   0
499   0
500   0
501   0
502   0
503   0
504   0
505   0
506   0
507   0
508   0
509   0
510   0
511   0
512   0
513   0
514   0
515   0
516   0
517   0
518   0
519   0
520   0
521   1
522   0
523   0
524   0
525   0
526   0
527   0
528   0
529   0
530   0
531   0
532   0
533   0
534   0
535   0
536   0
537   0
538   0
539   0
540   0
541   0
542   0
543   0
544   0
545   0
546   0
547   0
548   0
549   0
550   0
551   0
552   1
553   0
554   1
555   0
556   0
557   0
558   0
559   0
560   1
561   0
562   0
563   0
564   0
565   0
566   0
567   0
568   0
569   0
570   0
571   0
572   0
573   0
574   0
575   0
576   0
577   0
578   0
579   0
580   0
581   0
582   0
583   0
584   0
585   0
586   0
587   1
588   0
589   0
590   0
591   0
592   1
593   0
594   0
595   0
596   0
597   0
598   0
599   0
600   0
601   0
602   1
603   0
604   0
605   0
606   1
607   1
608   1
609   0
610   1
611   4
612   2
613   5
614   3
615   3
616   5
617   8
618   6
619   4
620   5
621   6
622   2
623   1
624   1
625   1
626   0
627   0
628   2
629   1
630   1
631   2
632   1
633   3
634   4
635   1
636   0
637   0
638   1
639   3
640   4
641   3
642   1
643   5
644   1
645   7
646   3
647   5
648   1
649   2
650   1
651   3
652   3
653   4
654   2
655   2
656   1
657   2
658   1
659   3
660   3
661   4
662   3
663   6
664   9
665   5
666   4
667   10
668   9
669   8
670   15
671   15
672   14
673   11
674   16
675   12
676   7
677   7
678   8
679   3
680   11
681   9
682   11
683   18
684   14
685   24
686   24
687   20
688   23
689   28
690   19
691   24
692   30
693   32
694   31
695   35
696   42
697   67
698   36
699   39
700   59
701   55
702   46
703   54
704   57
705   69
706   43
707   42
708   31
709   16
710   11
711   6
712   8
713   9
714   6
715   7
716   7
717   5
718   3
719   5
720   3
721   3
722   4
723   5
724   6
725   8
726   3
727   7
728   4
729   11
730   12
731   13
732   10
733   9
734   6
735   5
736   7
737   7
738   5
739   5
740   5
741   7
742   4
743   11
744   3
745   9
746   4
747   4
748   10
749   7
750   11
751   9
752   5
753   9
754   7
755   5
756   6
757   8
758   6
759   10
760   7
761   10
762   11
763   10
764   12
765   7
766   11
767   17
768   11
769   12
770   14
771   11
772   8
773   14
774   14
775   14
776   9
777   10
778   13
779   24
780   10
781   18
782   13
783   20
784   15
785   15
786   11
787   13
788   13
789   15
790   9
791   13
792   24
793   15
794   23
795   18
796   20
797   25
798   26
799   24
800   28
801   24
802   22
803   27
804   23
805   28
806   31
807   40
808   48
809   54
810   50
811   66
812   62
813   78
814   94
815   79
816   88
817   54
818   55
819   55
820   49
821   57
822   46
823   56
824   68
825   53
826   74
827   63
828   45
829   54
830   65
831   64
832   78
833   77
834   78
835   82
836   90
837   100
838   97
839   101
840   105
841   130
842   145
843   149
844   143
845   167
846   170
847   155
848   160
849   180
850   167
851   205
852   206
853   203
854   204
855   225
856   221
857   226
858   201
859   205
860   211
861   199
862   232
863   189
864   184
865   198
866   196
867   200
868   169
869   167
870   188
871   186
872   193
873   166
874   155
875   139
876   105
877   93
878   58
879   66
880   49
881   42
882   46
883   42
884   37
885   46
886   39
887   31
888   30
889   20
890   28
891   17
892   32
893   16
894   17
895   22
896   17
897   19
898   28
899   20
900   17
901   15
902   12
903   14
904   13
905   16
906   13
907   7
908   12
909   5
910   9
911   3
912   4
913   8
914   8
915   7
916   7
917   4
918   2
919   8
920   5
921   6
922   1
923   5
924   6
925   4
926   9
927   7
928   6
929   4
930   5
931   1
932   3
933   1
934   1
935   1
936   2
937   2
938   7
939   1
940   7
941   4
942   2
943   1
944   8
945   3
946   5
947   4
948   4
949   5
950   6
951   2
952   2
953   7
954   3
955   9
956   2
957   9
958   10
959   7
960   7
961   4
962   11
963   3
964   4
965   4
966   2
967   5
968   1
969   5
970   6
971   6
972   6
973   3
974   0
975   1
976   2
977   3
978   1
979   3
980   2
981   2
982   5
983   3
984   3
985   2
986   3
987   3
988   4
989   6
990   6
991   10
992   8
993   10
994   17
995   28
996   26
997   20
998   21
999   16
1000   13
1001   12
1002   5
1003   3
1004   2
1005   5
1006   1
1007   3
1008   2
1009   2
1010   5
1011   3
1012   1
1013   4
1014   3
1015   4
1016   5
1017   4
1018   2
1019   1
1020   1
1021   1
1022   3
1023   0
1024   1
1025   2
1026   0
1027   0
1028   1
1029   1
1030   2
1031   2
1032   2
1033   1
1034   0
1035   1
1036   0
1037   1
1038   1
1039   3
1040   3
1041   1
1042   1
1043   3
1044   4
1045   6
1046   3
1047   2
1048   7
1049   6
1050   12
1051   7
1052   7
1053   10
1054   6
1055   9
1056   8
1057   6
1058   3
1059   1
1060   0
1061   4
1062   0
1063   1
1064   3
1065   2
1066   3
1067   0
1068   2
1069   1
1070   1
1071   1
1072   0
1073   1
1074   0
1075   1
1076   2
1077   2
1078   2
1079   0
1080   0
1081   1
1082   0
1083   3
1084   1
1085   3
1086   2
1087   1
1088   1
1089   0
1090   2
1091   2
1092   3
1093   1
1094   1
1095   3
1096   3
1097   1
1098   3
1099   3
1100   6
1101   4
1102   6
1103   4
1104   1
1105   5
1106   1
1107   3
1108   2
1109   2
1110   2
1111   3
1112   2
1113   2
1114   6
1115   7
1116   4
1117   3
1118   6
1119   6
1120   2
1121   6
1122   3
1123   1
1124   2
1125   3
1126   5
1127   1
1128   1
1129   4
1130   2
1131   3
1132   1
1133   2
1134   4
1135   5
1136   1
1137   5
1138   4
1139   4
1140   2
1141   4
1142   6
1143   6
1144   4
1145   1
1146   1
1147   11
1148   8
1149   2
1150   4
1151   4
1152   7
1153   10
1154   11
1155   9
1156   8
1157   9
1158   13
1159   22
1160   24
1161   27
1162   38
1163   43
1164   44
1165   52
1166   62
1167   55
1168   51
1169   61
1170   37
1171   35
1172   31
1173   13
1174   16
1175   12
1176   5
1177   12
1178   11
1179   10
1180   11
1181   9
1182   5
1183   2
1184   4
1185   6
1186   12
1187   3
1188   8
1189   1
1190   6
1191   11
1192   5
1193   11
1194   9
1195   8
1196   7
1197   10
1198   11
1199   5
1200   3
1201   5
1202   9
1203   2
1204   4
1205   4
1206   3
1207   4
1208   4
1209   2
1210   2
1211   3
1212   1
1213   1
1214   3
1215   3
1216   2
1217   3
1218   4
1219   4
1220   7
1221   7
1222   7
1223   13
1224   10
1225   23
1226   33
1227   28
1228   37
1229   43
1230   57
1231   78
1232   81
1233   114
1234   126
1235   139
1236   146
1237   136
1238   152
1239   133
1240   112
1241   87
1242   59
1243   35
1244   32
1245   20
1246   20
1247   18
1248   8
1249   9
1250   6
1251   3
1252   7
1253   4
1254   2
1255   0
1256   2
1257   1
1258   0
1259   3
1260   4
1261   3
1262   3
1263   2
1264   2
1265   3
1266   3
1267   2
1268   2
1269   3
1270   2
1271   4
1272   6
1273   8
1274   11
1275   21
1276   11
1277   14
1278   10
1279   11
1280   14
1281   14
1282   14
1283   16
1284   20
1285   26
1286   36
1287   28
1288   39
1289   47
1290   40
1291   52
1292   46
1293   36
1294   26
1295   18
1296   24
1297   15
1298   12
1299   6
1300   4
1301   4
1302   14
1303   5
1304   11
1305   19
1306   8
1307   29
1308   28
1309   42
1310   54
1311   48
1312   72
1313   84
1314   73
1315   67
1316   59
1317   55
1318   37
1319   37
1320   19
1321   13
1322   10
1323   11
1324   4
1325   5
1326   2
1327   3
1328   1
1329   1
1330   1
1331   2
1332   0
1333   1
1334   3
1335   2
1336   3
1337   4
1338   4
1339   4
1340   2
1341   1
1342   6
1343   1
1344   6
1345   7
1346   9
1347   6
1348   18
1349   17
1350   17
1351   34
1352   28
1353   29
1354   29
1355   29
1356   25
1357   19
1358   14
1359   8
1360   8
1361   7
1362   3
1363   9
1364   5
1365   7
1366   10
1367   1
1368   4
1369   6
1370   2
1371   7
1372   6
1373   8
1374   6
1375   3
1376   4
1377   4
1378   9
1379   5
1380   6
1381   3
1382   3
1383   0
1384   4
1385   3
1386   2
1387   0
1388   4
1389   2
1390   2
1391   0
1392   2
1393   9
1394   6
1395   3
1396   5
1397   6
1398   10
1399   12
1400   16
1401   9
1402   20
1403   25
1404   27
1405   20
1406   31
1407   30
1408   25
1409   23
1410   29
1411   27
1412   24
1413   18
1414   15
1415   12
1416   8
1417   3
1418   6
1419   8
1420   6
1421   1
1422   5
1423   7
1424   5
1425   5
1426   2
1427   7
1428   3
1429   7
1430   2
1431   4
1432   3
1433   1
1434   2
1435   5
1436   7
1437   3
1438   9
1439   4
1440   4
1441   4
1442   3
1443   10
1444   10
1445   11
1446   9
1447   6
1448   8
1449   10
1450   6
1451   16
1452   6
1453   11
1454   14
1455   9
1456   9
1457   7
1458   8
1459   10
1460   4
1461   13
1462   6
1463   4
1464   3
1465   6
1466   5
1467   7
1468   4
1469   2
1470   2
1471   1
1472   2
1473   3
1474   0
1475   4
1476   6
1477   2
1478   8
1479   4
1480   3
1481   3
1482   3
1483   8
1484   2
1485   5
1486   3
1487   6
1488   7
1489   8
1490   12
1491   5
1492   12
1493   10
1494   11
1495   17
1496   12
1497   13
1498   13
1499   11
1500   11
1501   11
1502   20
1503   12
1504   21
1505   15
1506   8
1507   15
1508   11
1509   4
1510   12
1511   4
1512   6
1513   1
1514   4
1515   6
1516   4
1517   4
1518   4
1519   4
1520   6
1521   3
1522   5
1523   5
1524   4
1525   2
1526   5
1527   3
1528   3
1529   8
1530   7
1531   1
1532   2
1533   4
1534   10
1535   5
1536   7
1537   7
1538   4
1539   7
1540   5
1541   6
1542   4
1543   3
1544   6
1545   6
1546   6
1547   6
1548   6
1549   6
1550   8
1551   10
1552   6
1553   1
1554   8
1555   5
1556   8
1557   8
1558   6
1559   10
1560   9
1561   8
1562   8
1563   8
1564   11
1565   9
1566   4
1567   8
1568   10
1569   5
1570   11
1571   9
1572   12
1573   14
1574   13
1575   14
1576   15
1577   19
1578   34
1579   29
1580   32
1581   54
1582   42
1583   59
1584   80
1585   66
1586   96
1587   97
1588   119
1589   132
1590   165
1591   213
1592   259
1593   280
1594   313
1595   338
1596   353
1597   365
1598   392
1599   369
1600   359
1601   315
1602   274
1603   274
1604   232
1605   219
1606   170
1607   137
1608   140
1609   79
1610   57
1611   48
1612   39
1613   28
1614   28
1615   20
1616   16
1617   12
1618   10
1619   5
1620   5
1621   3
1622   6
1623   4
1624   2
1625   5
1626   3
1627   3
1628   2
1629   4
1630   5
1631   3
1632   3
1633   3
1634   4
1635   0
1636   2
1637   3
1638   3
1639   1
1640   1
1641   0
1642   2
1643   0
1644   3
1645   2
1646   2
1647   2
1648   1
1649   0
1650   2
1651   2
1652   1
1653   1
1654   2
1655   0
1656   1
1657   1
1658   2
1659   1
1660   0
1661   0
1662   0
1663   0
1664   1
1665   2
1666   1
1667   2
1668   2
1669   4
1670   1
1671   1
1672   2
1673   1
1674   0
1675   1
1676   0
1677   1
1678   2
1679   1
1680   2
1681   3
1682   1
1683   1
1684   3
1685   2
1686   3
1687   0
1688   1
1689   0
1690   1
1691   4
1692   1
1693   1
1694   2
1695   1
1696   5
1697   1
1698   2
1699   3
1700   1
1701   1
1702   5
1703   4
1704   4
1705   3
1706   2
1707   2
1708   4
1709   1
1710   3
1711   3
1712   0
1713   1
1714   0
1715   1
1716   1
1717   0
1718   1
1719   3
1720   1
1721   0
1722   1
1723   2
1724   3
1725   4
1726   2
1727   2
1728   3
1729   0
1730   4
1731   1
1732   2
1733   2
1734   2
1735   1
1736   2
1737   6
1738   9
1739   6
1740   10
1741   11
1742   14
1743   25
1744   29
1745   23
1746   41
1747   61
1748   60
1749   71
1750   84
1751   77
1752   86
1753   98
1754   57
1755   70
1756   36
1757   30
1758   20
1759   14
1760   18
1761   18
1762   21
1763   22
1764   22
1765   33
1766   34
1767   45
1768   55
1769   75
1770   95
1771   89
1772   99
1773   106
1774   107
1775   64
1776   46
1777   34
1778   19
1779   20
1780   13
1781   8
1782   8
1783   3
1784   5
1785   0
1786   4
1787   7
1788   4
1789   7
1790   7
1791   11
1792   15
1793   9
1794   9
1795   3
1796   5
1797   8
1798   6
1799   2
1800   4
1801   6
1802   5
1803   3
1804   2
1805   3
1806   5
1807   0
1808   1
1809   2
1810   1
1811   1
1812   0
1813   2
1814   4
1815   3
1816   0
1817   0
1818   0
1819   0
1820   1
1821   1
1822   2
1823   3
1824   2
1825   0
1826   7
1827   7
1828   6
1829   2
1830   7
1831   4
1832   3
1833   9
1834   8
1835   9
1836   14
1837   17
1838   14
1839   17
1840   31
1841   43
1842   53
1843   81
1844   101
1845   107
1846   111
1847   129
1848   150
1849   170
1850   185
1851   182
1852   148
1853   120
1854   113
1855   88
1856   66
1857   37
1858   35
1859   21
1860   13
1861   11
1862   4
1863   5
1864   1
1865   7
1866   0
1867   4
1868   3
1869   2
1870   2
1871   3
1872   2
1873   0
1874   1
1875   1
1876   4
1877   3
1878   2
1879   0
1880   4
1881   2
1882   2
1883   5
1884   1
1885   6
1886   3
1887   7
1888   4
1889   6
1890   6
1891   2
1892   3
1893   3
1894   3
1895   1
1896   1
1897   1
1898   2
1899   1
1900   3
1901   2
1902   0
1903   1
1904   0
1905   1
1906   2
1907   0
1908   2
1909   1
1910   0
1911   1
1912   0
1913   0
1914   0
1915   3
1916   2
1917   1
1918   1
1919   1
1920   1
1921   1
1922   3
1923   1
1924   3
1925   1
1926   1
1927   0
1928   1
1929   1
1930   0
1931   1
1932   2
1933   2
1934   1
1935   2
1936   1
1937   0
1938   0
1939   1
1940   0
1941   1
1942   1
1943   1
1944   0
1945   0
1946   0
1947   1
1948   0
1949   2
1950   1
1951   1
1952   3
1953   1
1954   0
1955   2
1956   1
1957   1
1958   1
1959   1
1960   2
1961   0
1962   2
1963   0
1964   0
1965   1
1966   1
1967   0
1968   0
1969   0
1970   0
1971   1
1972   1
1973   0
1974   0
1975   2
1976   0
1977   1
1978   0
1979   2
1980   1
1981   3
1982   1
1983   2
1984   4
1985   1
1986   2
1987   2
1988   1
1989   4
1990   6
1991   1
1992   6
1993   2
1994   3
1995   5
1996   3
1997   7
1998   9
1999   9
2000   4
2001   5
2002   10
2003   7
2004   11
2005   10
2006   8
2007   11
2008   2
2009   4
2010   4
2011   2
2012   1
2013   0
2014   3
2015   3
2016   3
2017   7
2018   3
2019   4
2020   1
2021   4
2022   6
2023   6
2024   4
2025   3
2026   2
2027   7
2028   2
2029   3
2030   1
2031   1
2032   0
2033   1
2034   2
2035   0
2036   2
2037   2
2038   0
2039   0
2040   2
2041   1
2042   0
2043   0
2044   0
2045   0
2046   2
2047   0
2048   1
2049   1
2050   1
2051   0
2052   1
2053   1
2054   3
2055   0
2056   1
2057   0
2058   1
2059   0
2060   0
2061   0
2062   0
2063   2
2064   0
2065   2
2066   1
2067   0
2068   2
2069   0
2070   1
2071   1
2072   1
2073   0
2074   0
2075   1
2076   3
2077   1
2078   2
2079   2
2080   1
2081   4
2082   4
2083   2
2084   3
2085   5
2086   5
2087   10
2088   21
2089   11
2090   22
2091   18
2092   28
2093   31
2094   55
2095   59
2096   75
2097   98
2098   109
2099   94
2100   71
2101   63
2102   56
2103   32
2104   21
2105   10
2106   4
2107   8
2108   4
2109   6
2110   2
2111   4
2112   2
2113   1
2114   1
2115   5
2116   1
2117   2
2118   3
2119   0
2120   0
2121   1
2122   2
2123   2
2124   3
2125   2
2126   1
2127   0
2128   0
2129   0
2130   0
2131   1
2132   1
2133   3
2134   1
2135   1
2136   1
2137   1
2138   2
2139   1
2140   2
2141   5
2142   1
2143   0
2144   1
2145   1
2146   2
2147   1
2148   1
2149   0
2150   1
2151   3
2152   7
2153   1
2154   0
2155   1
2156   1
2157   1
2158   0
2159   2
2160   1
2161   2
2162   1
2163   4
2164   0
2165   3
2166   0
2167   0
2168   0
2169   0
2170   2
2171   6
2172   1
2173   0
2174   4
2175   1
2176   6
2177   2
2178   6
2179   6
2180   10
2181   8
2182   12
2183   16
2184   27
2185   21
2186   25
2187   32
2188   58
2189   52
2190   71
2191   71
2192   82
2193   83
2194   78
2195   55
2196   50
2197   30
2198   21
2199   21
2200   9
2201   7
2202   15
2203   6
2204   5
2205   8
2206   3
2207   3
2208   7
2209   4
2210   4
2211   4
2212   6
2213   8
2214   4
2215   11
2216   8
2217   20
2218   17
2219   21
2220   21
2221   20
2222   36
2223   29
2224   27
2225   42
2226   31
2227   46
2228   45
2229   28
2230   37
2231   36
2232   24
2233   14
2234   17
2235   15
2236   12
2237   11
2238   4
2239   7
2240   6
2241   5
2242   6
2243   4
2244   7
2245   5
2246   4
2247   7
2248   5
2249   6
2250   5
2251   4
2252   5
2253   8
2254   2
2255   6
2256   7
2257   6
2258   4
2259   1
2260   7
2261   5
2262   5
2263   1
2264   7
2265   7
2266   7
2267   7
2268   8
2269   6
2270   7
2271   9
2272   4
2273   10
2274   7
2275   11
2276   6
2277   7
2278   4
2279   11
2280   8
2281   9
2282   10
2283   6
2284   12
2285   10
2286   12
2287   9
2288   10
2289   10
2290   9
2291   11
2292   11
2293   9
2294   16
2295   18
2296   16
2297   22
2298   22
2299   20
2300   22
2301   22
2302   19
2303   38
2304   30
2305   25
2306   37
2307   48
2308   53
2309   49
2310   66
2311   84
2312   102
2313   91
2314   84
2315   85
2316   84
2317   70
2318   67
2319   85
2320   72
2321   81
2322   71
2323   98
2324   105
2325   174
2326   179
2327   250
2328   373
2329   421
2330   573
2331   806
2332   1083
2333   1375
2334   1786
2335   2421
2336   3008
2337   3739
2338   4354
2339   5175
2340   5702
2341   6015
2342   6324
2343   6297
2344   5823
2345   5041
2346   4216
2347   3449
2348   2667
2349   1930
2350   1417
2351   930
2352   666
2353   410
2354   333
2355   253
2356   172
2357   147
2358   127
2359   92
2360   85
2361   54
2362   52
2363   31
2364   32
2365   25
2366   24
2367   20
2368   16
2369   14
2370   12
2371   10
2372   14
2373   13
2374   10
2375   9
2376   10
2377   3
2378   2
2379   4
2380   7
2381   3
2382   4
2383   2
2384   3
2385   2
2386   0
2387   2
2388   6
2389   10
2390   3
2391   8
2392   8
2393   3
2394   9
2395   14
2396   16
2397   15
2398   31
2399   39
2400   62
2401   56
2402   73
2403   90
2404   64
2405   77
2406   61
2407   50
2408   46
2409   29
2410   21
2411   14
2412   15
2413   8
2414   2
2415   3
2416   1
2417   2
2418   0
2419   2
2420   0
2421   4
2422   1
2423   1
2424   1
2425   4
2426   2
2427   2
2428   0
2429   2
2430   2
2431   3
2432   2
2433   2
2434   1
2435   2
2436   0
2437   1
2438   2
2439   1
2440   1
2441   0
2442   2
2443   1
2444   1
2445   1
2446   2
2447   2
2448   0
2449   1
2450   0
2451   1
2452   0
2453   0
2454   0
2455   1
2456   0
2457   0
2458   0
2459   0
2460   2
2461   1
2462   2
2463   3
2464   1
2465   2
2466   0
2467   2
2468   1
2469   0
2470   0
2471   0
2472   0
2473   0
2474   1
2475   0
2476   0
2477   0
2478   0
2479   2
2480   1
2481   1
2482   1
2483   0
2484   3
2485   0
2486   0
2487   0
2488   0
2489   0
2490   1
2491   1
2492   0
2493   0
2494   0
2495   0
2496   0
2497   1
2498   1
2499   0
2500   2
2501   0
2502   0
2503   0
2504   0
2505   0
2506   2
2507   1
2508   1
2509   1
2510   1
2511   1
2512   3
2513   0
2514   0
2515   0
2516   1
2517   1
2518   0
2519   1
2520   0
2521   0
2522   0
2523   1
2524   0
2525   1
2526   1
2527   1
2528   0
2529   1
2530   0
2531   0
2532   1
2533   0
2534   0
2535   0
2536   1
2537   2
2538   2
2539   1
2540   1
2541   2
2542   2
2543   0
2544   0
2545   0
2546   1
2547   1
2548   3
2549   0
2550   3
2551   4
2552   4
2553   2
2554   7
2555   9
2556   5
2557   11
2558   16
2559   14
2560   19
2561   28
2562   41
2563   61
2564   60
2565   89
2566   126
2567   175
2568   211
2569   246
2570   237
2571   248
2572   242
2573   211
2574   165
2575   123
2576   97
2577   71
2578   57
2579   38
2580   33
2581   14
2582   12
2583   11
2584   6
2585   1
2586   1
2587   3
2588   2
2589   1
2590   1
2591   3
2592   3
2593   4
2594   1
2595   0
2596   1
2597   2
2598   1
2599   0
2600   2
2601   0
2602   1
2603   1
2604   3
2605   3
2606   0
2607   3
2608   1
2609   0
2610   0
2611   0
2612   0
2613   0
2614   2
2615   0
2616   0
2617   1
2618   2
2619   3
2620   1
2621   0
2622   0
2623   0
2624   1
2625   1
2626   3
2627   0
2628   2
2629   0
2630   1
2631   1
2632   1
2633   1
2634   0
2635   4
2636   1
2637   1
2638   3
2639   8
2640   7
2641   4
2642   5
2643   9
2644   5
2645   8
2646   18
2647   11
2648   27
2649   27
2650   24
2651   35
2652   53
2653   51
2654   31
2655   47
2656   32
2657   27
2658   36
2659   28
2660   18
2661   14
2662   15
2663   6
2664   4
2665   3
2666   2
2667   2
2668   2
2669   1
2670   0
2671   1
2672   0
2673   1
2674   0
2675   1
2676   1
2677   1
2678   0
2679   1
2680   2
2681   1
2682   1
2683   1
2684   3
2685   1
2686   0
2687   2
2688   4
2689   1
2690   0
2691   4
2692   1
2693   2
2694   0
2695   1
2696   0
2697   1
2698   0
2699   2
2700   0
2701   0
2702   0
2703   0
2704   2
2705   0
2706   2
2707   1
2708   1
2709   3
2710   2
2711   3
2712   5
2713   8
2714   6
2715   9
2716   8
2717   9
2718   18
2719   10
2720   24
2721   25
2722   20
2723   20
2724   21
2725   29
2726   19
2727   13
2728   11
2729   8
2730   7
2731   4
2732   3
2733   3
2734   1
2735   3
2736   1
2737   0
2738   1
2739   2
2740   0
2741   2
2742   1
2743   2
2744   0
2745   2
2746   1
2747   1
2748   3
2749   1
2750   1
2751   3
2752   1
2753   1
2754   0
2755   0
2756   2
2757   0
2758   1
2759   1
2760   1
2761   3
2762   3
2763   4
2764   0
2765   2
2766   1
2767   3
2768   6
2769   4
2770   5
2771   4
2772   16
2773   5
2774   10
2775   3
2776   7
2777   10
2778   6
2779   4
2780   0
2781   3
2782   3
2783   2
2784   6
2785   1
2786   6
2787   4
2788   10
2789   9
2790   16
2791   14
2792   13
2793   10
2794   14
2795   10
2796   6
2797   3
2798   2
2799   2
2800   1
2801   0
2802   2
2803   0
2804   0
2805   0
2806   1
2807   0
2808   0
2809   1
2810   0
2811   0
2812   1
2813   0
2814   2
2815   0
2816   0
2817   0
2818   0
2819   1
2820   1
2821   0
2822   1
2823   1
2824   1
2825   0
2826   0
2827   1
2828   0
2829   0
2830   0
2831   0
2832   1
2833   0
2834   1
2835   0
2836   0
2837   0
2838   0
2839   0
2840   1
2841   0
2842   2
2843   2
2844   1
2845   1
2846   0
2847   0
2848   0
2849   0
2850   0
2851   0
2852   1
2853   0
2854   1
2855   0
2856   2
2857   2
2858   0
2859   1
2860   1
2861   1
2862   0
2863   0
2864   0
2865   0
2866   0
2867   2
2868   2
2869   0
2870   0
2871   2
2872   1
2873   0
2874   0
2875   2
2876   0
2877   1
2878   0
2879   0
2880   0
2881   0
2882   0
2883   0
2884   0
2885   1
2886   1
2887   2
2888   0
2889   0
2890   2
2891   0
2892   1
2893   1
2894   0
2895   0
2896   1
2897   1
2898   0
2899   0
2900   1
2901   2
2902   0
2903   0
2904   0
2905   1
2906   0
2907   0
2908   0
2909   0
2910   1
2911   0
2912   0
2913   0
2914   0
2915   2
2916   1
2917   2
2918   0
2919   0
2920   1
2921   1
2922   0
2923   1
2924   1
2925   2
2926   3
2927   0
2928   1
2929   2
2930   2
2931   1
2932   1
2933   0
2934   2
2935   1
2936   1
2937   3
2938   2
2939   5
2940   4
2941   3
2942   4
2943   5
2944   11
2945   17
2946   20
2947   15
2948   21
2949   35
2950   45
2951   67
2952   44
2953   64
2954   65
2955   52
2956   33
2957   42
2958   35
2959   22
2960   16
2961   9
2962   10
2963   3
2964   3
2965   1
2966   1
2967   1
2968   4
2969   1
2970   2
2971   1
2972   0
2973   0
2974   1
2975   0
2976   1
2977   3
2978   1
2979   0
2980   0
2981   0
2982   0
2983   0
2984   0
2985   0
2986   0
2987   1
2988   0
2989   0
2990   0
2991   0
2992   0
2993   0
2994   0
2995   1
2996   0
2997   2
2998   0
2999   2
3000   0
3001   0
3002   0
3003   0
3004   0
3005   0
3006   0
3007   0
3008   0
3009   1
3010   0
3011   1
3012   0
3013   0
3014   1
3015   0
3016   0
3017   0
3018   1
3019   0
3020   1
3021   0
3022   1
3023   1
3024   1
3025   0
3026   0
3027   1
3028   3
3029   0
3030   1
3031   0
3032   0
3033   1
3034   0
3035   0
3036   0
3037   0
3038   0
3039   0
3040   3
3041   0
3042   1
3043   0
3044   2
3045   0
3046   1
3047   1
3048   1
3049   0
3050   2
3051   0
3052   1
3053   0
3054   0
3055   1
3056   1
3057   0
3058   0
3059   0
3060   0
3061   0
3062   1
3063   1
3064   1
3065   0
3066   0
3067   0
3068   0
3069   2
3070   1
3071   1
3072   0
3073   0
3074   2
3075   0
3076   1
3077   0
3078   1
3079   1
3080   1
3081   2
3082   0
3083   3
3084   0
3085   1
3086   0
3087   0
3088   1
3089   0
3090   0
3091   0
3092   5
3093   2
3094   0
3095   0
3096   0
3097   0
3098   0
3099   0
3100   0
3101   0
3102   1
3103   0
3104   0
3105   0
3106   0
3107   2
3108   1
3109   1
3110   1
3111   0
3112   1
3113   0
3114   2
3115   2
3116   0
3117   1
3118   2
3119   1
3120   1
3121   1
3122   0
3123   1
3124   0
3125   0
3126   2
3127   1
3128   1
3129   0
3130   1
3131   2
3132   0
3133   1
3134   0
3135   0
3136   0
3137   1
3138   1
3139   0
3140   0
3141   0
3142   1
3143   0
3144   0
3145   1
3146   0
3147   1
3148   0
3149   0
3150   1
3151   2
3152   0
3153   1
3154   0
3155   0
3156   0
3157   0
3158   2
3159   0
3160   1
3161   0
3162   0
3163   1
3164   1
3165   0
3166   2
3167   2
3168   1
3169   0
3170   1
3171   0
3172   1
3173   2
3174   1
3175   0
3176   0
3177   1
3178   0
3179   0
3180   0
3181   2
3182   2
3183   1
3184   3
3185   0
3186   1
3187   2
3188   1
3189   0
3190   0
3191   0
3192   0
3193   0
3194   0
3195   1
3196   1
3197   2
3198   2
3199   4
3200   3
3201   2
3202   1
3203   0
3204   4
3205   0
3206   4
3207   3
3208   1
3209   2
3210   1
3211   2
3212   0
3213   0
3214   1
3215   0
3216   0
3217   0
3218   0
3219   0
3220   0
3221   2
3222   0
3223   0
3224   0
3225   0
3226   0
3227   0
3228   0
3229   0
3230   0
3231   1
3232   0
3233   0
3234   0
3235   1
3236   0
3237   0
3238   0
3239   2
3240   0
3241   0
3242   2
3243   5
3244   0
3245   1
3246   1
3247   1
3248   1
3249   1
3250   1
3251   1
3252   0
3253   0
3254   0
3255   1
3256   1
3257   0
3258   0
3259   0
3260   1
3261   2
3262   0
3263   0
3264   0
3265   1
3266   0
3267   0
3268   0
3269   1
3270   0
3271   1
3272   0
3273   0
3274   1
3275   2
3276   0
3277   0
3278   1
3279   2
3280   2
3281   0
3282   0
3283   0
3284   1
3285   0
3286   2
3287   2
3288   2
3289   2
3290   0
3291   0
3292   0
3293   1
3294   1
3295   3
3296   0
3297   0
3298   2
3299   2
3300   1
3301   1
3302   2
3303   1
3304   0
3305   1
3306   2
3307   1
3308   3
3309   4
3310   3
3311   6
3312   10
3313   8
3314   9
3315   15
3316   22
3317   20
3318   19
3319   25
3320   26
3321   19
3322   20
3323   10
3324   2
3325   10
3326   4
3327   4
3328   2
3329   2
3330   0
3331   1
3332   1
3333   0
3334   1
3335   0
3336   1
3337   0
3338   0
3339   0
3340   0
3341   1
3342   0
3343   0
3344   1
3345   0
3346   0
3347   1
3348   0
3349   0
3350   1
3351   0
3352   0
3353   0
3354   0
3355   0
3356   0
3357   1
3358   0
3359   0
3360   0
3361   0
3362   0
3363   1
3364   1
3365   0
3366   0
3367   0
3368   0
3369   0
3370   3
3371   0
3372   1
3373   1
3374   0
3375   0
3376   0
3377   1
3378   0
3379   0
3380   1
3381   1
3382   0
3383   1
3384   1
3385   0
3386   2
3387   0
3388   0
3389   1
3390   0
3391   0
3392   0
3393   0
3394   1
3395   0
3396   0
3397   0
3398   0
3399   0
3400   1
3401   0
3402   0
3403   0
3404   0
3405   0
3406   0
3407   1
3408   3
3409   2
3410   1
3411   1
3412   0
3413   1
3414   0
3415   1
3416   0
3417   2
3418   0
3419   0
3420   0
3421   0
3422   0
3423   1
3424   0
3425   0
3426   0
3427   0
3428   1
3429   0
3430   1
3431   0
3432   1
3433   0
3434   0
3435   0
3436   1
3437   0
3438   0
3439   0
3440   0
3441   1
3442   1
3443   0
3444   0
3445   0
3446   0
3447   0
3448   0
3449   0
3450   3
3451   0
3452   0
3453   0
3454   0
3455   0
3456   2
3457   0
3458   0
3459   1
3460   1
3461   0
3462   2
3463   0
3464   1
3465   0
3466   0
3467   0
3468   0
3469   0
3470   1
3471   0
3472   1
3473   0
3474   1
3475   0
3476   0
3477   0
3478   0
3479   0
3480   1
3481   0
3482   1
3483   0
3484   0
3485   0
3486   1
3487   0
3488   0
3489   0
3490   1
3491   0
3492   0
3493   0
3494   1
3495   0
3496   0
3497   1
3498   0
3499   0
3500   0
3501   0
3502   1
3503   0
3504   0
3505   1
3506   0
3507   0
3508   0
3509   0
3510   1
3511   0
3512   2
3513   0
3514   1
3515   0
3516   1
3517   0
3518   1
3519   2
3520   1
3521   1
3522   1
3523   1
3524   0
3525   0
3526   1
3527   1
3528   2
3529   1
3530   4
3531   1
3532   1
3533   0
3534   1
3535   0
3536   0
3537   1
3538   0
3539   0
3540   0
3541   0
3542   0
3543   1
3544   1
3545   0
3546   2
3547   0
3548   0
3549   2
3550   0
3551   0
3552   1
3553   1
3554   1
3555   2
3556   3
3557   1
3558   1
3559   6
3560   5
3561   7
3562   7
3563   15
3564   13
3565   20
3566   18
3567   24
3568   37
3569   38
3570   32
3571   39
3572   42
3573   42
3574   33
3575   30
3576   33
3577   26
3578   15
3579   12
3580   5
3581   7
3582   1
3583   7
3584   3
3585   2
3586   1
3587   2
3588   0
3589   0
3590   1
3591   2
3592   2
3593   0
3594   1
3595   1
3596   1
3597   0
3598   0
3599   0
3600   0
3601   0
3602   1
3603   1
3604   0
3605   0
3606   1
3607   1
3608   0
3609   0
3610   0
3611   0
3612   0
3613   0
3614   0
3615   0
3616   0
3617   0
3618   0
3619   1
3620   0
3621   0
3622   0
3623   1
3624   0
3625   1
3626   0
3627   0
3628   0
3629   0
3630   0
3631   0
3632   1
3633   0
3634   1
3635   1
3636   0
3637   0
3638   0
3639   0
3640   0
3641   0
3642   0
3643   0
3644   0
3645   0
3646   0
3647   0
3648   1
3649   0
3650   0
3651   0
3652   1
3653   1
3654   0
3655   0
3656   1
3657   0
3658   0
3659   2
3660   1
3661   1
3662   3
3663   3
3664   0
3665   1
3666   0
3667   0
3668   0
3669   0
3670   1
3671   0
3672   0
3673   0
3674   0
3675   2
3676   0
3677   0
3678   2
3679   0
3680   2
3681   0
3682   2
3683   0
3684   0
3685   1
3686   1
3687   0
3688   0
3689   0
3690   0
3691   0
3692   0
3693   1
3694   1
3695   0
3696   0
3697   0
3698   1
3699   0
3700   0
3701   0
3702   0
3703   1
3704   2
3705   0
3706   0
3707   1
3708   1
3709   0
3710   0
3711   0
3712   0
3713   0
3714   0
3715   2
3716   1
3717   1
3718   1
3719   0
3720   1
3721   2
3722   1
3723   0
3724   2
3725   1
3726   1
3727   0
3728   0
3729   0
3730   0
3731   0
3732   0
3733   1
3734   0
3735   1
3736   0
3737   0
3738   0
3739   0
3740   0
3741   0
3742   1
3743   1
3744   0
3745   1
3746   0
3747   0
3748   1
3749   0
3750   2
3751   1
3752   0
3753   0
3754   2
3755   1
3756   0
3757   1
3758   0
3759   0
3760   0
3761   0
3762   0
3763   1
3764   1
3765   0
3766   0
3767   0
3768   0
3769   0
3770   0
3771   0
3772   0
3773   0
3774   1
3775   0
3776   0
3777   1
3778   0
3779   0
3780   0
3781   0
3782   1
3783   2
3784   2
3785   2
3786   0
3787   0
3788   1
3789   1
3790   0
3791   0
3792   2
3793   0
3794   0
3795   1
3796   0
3797   0
3798   0
3799   0
3800   1
3801   1
3802   0
3803   0
3804   0
3805   0
3806   0
3807   0
3808   0
3809   0
3810   0
3811   0
3812   0
3813   0
3814   0
3815   0
3816   1
3817   1
3818   0
3819   0
3820   0
3821   0
3822   0
3823   0
3824   0
3825   0
3826   0
3827   1
3828   0
3829   0
3830   0
3831   0
3832   0
3833   0
3834   1
3835   1
3836   0
3837   1
3838   0
3839   0
3840   0
3841   0
3842   0
3843   1
3844   0
3845   1
3846   0
3847   0
3848   1
3849   0
3850   0
3851   0
3852   0
3853   0
3854   1
3855   0
3856   0
3857   0
3858   0
3859   0
3860   1
3861   0
3862   0
3863   1
3864   2
3865   0
3866   0
3867   0
3868   0
3869   0
3870   0
3871   0
3872   0
3873   1
3874   0
3875   0
3876   1
3877   0
3878   0
3879   1
3880   0
3881   1
3882   1
3883   1
3884   2
3885   2
3886   2
3887   1
3888   1
3889   3
3890   3
3891   1
3892   1
3893   1
3894   0
3895   0
3896   0
3897   0
3898   0
3899   1
3900   0
3901   0
3902   0
3903   1
3904   0
3905   0
3906   0
3907   0
3908   0
3909   0
3910   0
3911   1
3912   2
3913   1
3914   1
3915   3
3916   1
3917   4
3918   4
3919   11
3920   20
3921   10
3922   15
3923   14
3924   23
3925   13
3926   4
3927   2
3928   2
3929   2
3930   4
3931   4
3932   2
3933   2
3934   0
3935   1
3936   1
3937   1
3938   3
3939   1
3940   2
3941   2
3942   2
3943   1
3944   2
3945   2
3946   2
3947   2
3948   1
3949   0
3950   1
3951   5
3952   0
3953   0
3954   0
3955   1
3956   0
3957   0
3958   1
3959   0
3960   0
3961   0
3962   1
3963   2
3964   3
3965   0
3966   1
3967   1
3968   1
3969   3
3970   1
3971   3
3972   1
3973   2
3974   3
3975   3
3976   1
3977   1
3978   2
3979   1
3980   1
3981   0
3982   0
3983   1
3984   1
3985   0
3986   1
3987   4
3988   4
3989   0
3990   1
3991   2
3992   2
3993   7
3994   6
3995   0
3996   3
3997   0
3998   1
3999   0
4000   1
4001   0
4002   0
4003   0
4004   0
4005   1
4006   0
4007   1
4008   1
4009   0
4010   0
4011   0
4012   0
4013   1
4014   0
4015   1
4016   1
4017   0
4018   0
4019   0
4020   1
4021   0
4022   0
4023   6
4024   5
4025   5
4026   5
4027   1
4028   0
4029   1
4030   0
4031   0
4032   0
4033   0
4034   0
4035   0
4036   0
4037   0
4038   0
4039   0
4040   0
4041   0
4042   0
4043   0
4044   0
4045   0
4046   0
4047   0
4048   0
4049   0
4050   0
4051   0
4052   0
4053   0
4054   0
4055   0
4056   0
4057   0
4058   0
4059   0
4060   0
4061   0
4062   0
4063   0
4064   0
4065   0
4066   0
4067   0
4068   0
4069   0
4070   0
4071   0
4072   0
4073   0
4074   1
4075   0
4076   0
4077   0
4078   0
4079   0
4080   1
4081   0
4082   0
4083   0
4084   0
4085   0
4086   0
4087   0
4088   0
4089   0
4090   0
4091   0
4092   1
4093   0
4094   0
4095   248
