0   0
1   0
2   0
3   0
4   0
5   0
6   0
7   0
8   0
9   0
10   0
11   0
12   0
13   0
14   0
15   0
16   0
17   0
18   0
19   0
20   0
21   0
22   0
23   0
24   0
25   0
26   0
27   0
28   0
29   0
30   0
31   0
32   0
33   0
34   0
35   0
36   0
37   0
38   0
39   0
40   0
41   0
42   0
43   0
44   0
45   0
46   0
47   0
48   0
49   0
50   0
51   0
52   0
53   0
54   0
55   0
56   0
57   0
58   0
59   0
60   0
61   0
62   0
63   0
64   0
65   0
66   0
67   0
68   0
69   0
70   0
71   0
72   0
73   0
74   0
75   0
76   0
77   0
78   0
79   0
80   0
81   0
82   0
83   0
84   0
85   0
86   0
87   0
88   0
89   0
90   0
91   0
92   0
93   0
94   0
95   0
96   0
97   0
98   0
99   0
100   1
101   465
102   3027
103   1413
104   25
105   0
106   0
107   0
108   0
109   0
110   0
111   0
112   0
113   0
114   0
115   0
116   0
117   0
118   0
119   0
120   0
121   0
122   0
123   0
124   0
125   0
126   0
127   0
128   0
129   0
130   0
131   0
132   0
133   0
134   0
135   0
136   0
137   0
138   0
139   0
140   0
141   0
142   0
143   0
144   0
145   0
146   0
147   0
148   0
149   0
150   0
151   0
152   0
153   0
154   0
155   0
156   0
157   0
158   0
159   0
160   0
161   0
162   0
163   0
164   0
165   0
166   0
167   0
168   0
169   0
170   0
171   0
172   0
173   0
174   0
175   0
176   0
177   0
178   0
179   0
180   0
181   0
182   0
183   0
184   0
185   0
186   0
187   0
188   0
189   0
190   0
191   0
192   0
193   0
194   0
195   0
196   0
197   0
198   0
199   0
200   0
201   0
202   0
203   0
204   0
205   0
206   0
207   0
208   0
209   0
210   0
211   0
212   0
213   0
214   0
215   0
216   0
217   0
218   0
219   0
220   0
221   0
222   0
223   0
224   0
225   0
226   0
227   0
228   0
229   0
230   0
231   0
232   0
233   0
234   0
235   0
236   0
237   0
238   0
239   0
240   0
241   0
242   0
243   0
244   0
245   0
246   0
247   0
248   0
249   0
250   0
251   0
252   0
253   0
254   0
255   0
256   0
257   0
258   0
259   0
260   0
261   0
262   0
263   0
264   0
265   0
266   0
267   0
268   0
269   0
270   0
271   0
272   0
273   0
274   0
275   0
276   0
277   0
278   0
279   0
280   0
281   0
282   0
283   0
284   0
285   0
286   0
287   0
288   0
289   0
290   0
291   0
292   0
293   0
294   0
295   0
296   0
297   0
298   0
299   0
300   0
301   0
302   0
303   0
304   0
305   0
306   0
307   0
308   0
309   0
310   0
311   0
312   0
313   0
314   0
315   0
316   0
317   0
318   0
319   0
320   0
321   0
322   0
323   0
324   0
325   0
326   0
327   0
328   0
329   0
330   0
331   0
332   0
333   0
334   0
335   0
336   0
337   0
338   0
339   0
340   0
341   0
342   0
343   0
344   0
345   0
346   0
347   0
348   0
349   0
350   0
351   0
352   0
353   0
354   0
355   0
356   0
357   0
358   0
359   0
360   0
361   0
362   0
363   0
364   0
365   0
366   0
367   0
368   0
369   0
370   0
371   0
372   0
373   0
374   0
375   0
376   0
377   0
378   0
379   0
380   0
381   0
382   0
383   0
384   0
385   0
386   0
387   0
388   0
389   0
390   0
391   0
392   0
393   0
394   0
395   0
396   0
397   0
398   0
399   0
400   0
401   0
402   0
403   0
404   0
405   0
406   0
407   0
408   0
409   0
410   0
411   0
412   0
413   0
414   0
415   0
416   0
417   0
418   0
419   0
420   0
421   0
422   0
423   0
424   0
425   0
426   0
427   0
428   0
429   0
430   0
431   0
432   0
433   0
434   0
435   0
436   0
437   0
438   0
439   0
440   0
441   0
442   0
443   0
444   0
445   0
446   0
447   0
448   0
449   0
450   0
451   0
452   0
453   0
454   0
455   0
456   0
457   0
458   0
459   0
460   0
461   0
462   0
463   0
464   0
465   0
466   0
467   0
468   0
469   0
470   0
471   0
472   0
473   0
474   0
475   0
476   0
477   0
478   0
479   0
480   0
481   0
482   0
483   0
484   0
485   0
486   0
487   0
488   0
489   0
490   0
491   0
492   0
493   0
494   0
495   0
496   0
497   0
498   0
499   0
500   0
501   0
502   0
503   0
504   0
505   0
506   0
507   0
508   0
509   0
510   0
511   0
512   0
513   0
514   0
515   0
516   0
517   0
518   0
519   0
520   0
521   0
522   0
523   0
524   0
525   0
526   0
527   0
528   0
529   0
530   0
531   0
532   0
533   0
534   0
535   0
536   0
537   0
538   0
539   0
540   0
541   0
542   0
543   0
544   0
545   0
546   0
547   0
548   0
549   0
550   0
551   0
552   0
553   0
554   0
555   0
556   0
557   0
558   0
559   1
560   2
561   1
562   2
563   2
564   1
565   1
566   0
567   0
568   1
569   0
570   0
571   0
572   0
573   0
574   0
575   0
576   0
577   0
578   0
579   0
580   0
581   0
582   1
583   0
584   0
585   0
586   0
587   0
588   0
589   0
590   0
591   0
592   0
593   1
594   0
595   1
596   0
597   0
598   2
599   0
600   1
601   1
602   0
603   1
604   1
605   1
606   2
607   3
608   2
609   0
610   1
611   1
612   0
613   1
614   0
615   0
616   0
617   0
618   0
619   0
620   0
621   0
622   0
623   0
624   1
625   1
626   0
627   0
628   0
629   0
630   1
631   2
632   2
633   1
634   0
635   1
636   0
637   0
638   2
639   0
640   0
641   0
642   0
643   1
644   1
645   0
646   0
647   1
648   0
649   0
650   0
651   2
652   2
653   1
654   6
655   2
656   5
657   2
658   5
659   1
660   1
661   6
662   1
663   1
664   1
665   3
666   1
667   1
668   1
669   2
670   2
671   6
672   3
673   2
674   4
675   6
676   1
677   6
678   4
679   5
680   7
681   11
682   6
683   11
684   8
685   13
686   12
687   10
688   7
689   13
690   11
691   18
692   4
693   13
694   6
695   6
696   5
697   1
698   1
699   2
700   0
701   1
702   2
703   0
704   1
705   2
706   1
707   1
708   0
709   0
710   0
711   0
712   0
713   2
714   2
715   0
716   1
717   0
718   4
719   3
720   1
721   0
722   0
723   0
724   1
725   1
726   0
727   2
728   0
729   0
730   0
731   0
732   0
733   0
734   0
735   1
736   1
737   1
738   0
739   1
740   1
741   0
742   0
743   0
744   1
745   3
746   1
747   0
748   4
749   1
750   3
751   2
752   3
753   3
754   2
755   2
756   4
757   1
758   1
759   0
760   2
761   1
762   2
763   2
764   2
765   0
766   1
767   1
768   2
769   2
770   1
771   3
772   1
773   2
774   3
775   4
776   0
777   3
778   2
779   2
780   1
781   2
782   1
783   5
784   2
785   2
786   3
787   2
788   6
789   3
790   5
791   2
792   7
793   10
794   5
795   8
796   7
797   5
798   6
799   6
800   6
801   11
802   11
803   14
804   8
805   11
806   11
807   5
808   4
809   11
810   11
811   7
812   10
813   10
814   12
815   6
816   16
817   12
818   19
819   7
820   11
821   12
822   13
823   19
824   12
825   13
826   12
827   13
828   17
829   13
830   12
831   10
832   9
833   5
834   10
835   6
836   10
837   7
838   11
839   6
840   8
841   6
842   3
843   3
844   6
845   4
846   3
847   6
848   4
849   5
850   4
851   5
852   4
853   5
854   6
855   7
856   16
857   9
858   13
859   11
860   12
861   14
862   7
863   7
864   2
865   4
866   0
867   2
868   1
869   2
870   1
871   1
872   2
873   2
874   2
875   1
876   2
877   2
878   0
879   0
880   2
881   0
882   0
883   0
884   1
885   1
886   2
887   1
888   1
889   0
890   1
891   0
892   1
893   1
894   0
895   0
896   2
897   0
898   1
899   1
900   0
901   0
902   0
903   0
904   0
905   0
906   0
907   0
908   0
909   1
910   1
911   0
912   0
913   1
914   1
915   2
916   2
917   0
918   1
919   1
920   0
921   2
922   0
923   0
924   1
925   0
926   0
927   0
928   0
929   0
930   0
931   0
932   0
933   1
934   0
935   0
936   0
937   0
938   0
939   0
940   1
941   0
942   1
943   1
944   0
945   1
946   0
947   1
948   1
949   2
950   0
951   1
952   1
953   0
954   1
955   0
956   1
957   2
958   0
959   1
960   0
961   0
962   1
963   0
964   1
965   0
966   0
967   1
968   0
969   0
970   0
971   0
972   2
973   1
974   0
975   2
976   1
977   0
978   1
979   2
980   5
981   3
982   1
983   7
984   6
985   2
986   1
987   2
988   0
989   1
990   0
991   0
992   0
993   0
994   0
995   1
996   0
997   0
998   0
999   2
1000   1
1001   0
1002   1
1003   0
1004   0
1005   1
1006   1
1007   0
1008   0
1009   0
1010   0
1011   1
1012   0
1013   0
1014   0
1015   0
1016   0
1017   0
1018   0
1019   0
1020   0
1021   0
1022   0
1023   0
1024   0
1025   0
1026   0
1027   0
1028   1
1029   0
1030   0
1031   2
1032   0
1033   0
1034   1
1035   1
1036   1
1037   0
1038   1
1039   0
1040   2
1041   0
1042   1
1043   0
1044   0
1045   0
1046   1
1047   1
1048   1
1049   0
1050   0
1051   0
1052   0
1053   0
1054   0
1055   1
1056   0
1057   0
1058   1
1059   0
1060   0
1061   0
1062   0
1063   0
1064   0
1065   0
1066   1
1067   1
1068   0
1069   0
1070   0
1071   0
1072   0
1073   0
1074   1
1075   0
1076   1
1077   1
1078   0
1079   1
1080   0
1081   2
1082   0
1083   0
1084   1
1085   2
1086   1
1087   1
1088   0
1089   0
1090   0
1091   0
1092   0
1093   0
1094   1
1095   0
1096   0
1097   0
1098   0
1099   0
1100   0
1101   1
1102   1
1103   1
1104   0
1105   0
1106   0
1107   0
1108   1
1109   0
1110   0
1111   1
1112   0
1113   0
1114   0
1115   0
1116   0
1117   0
1118   0
1119   0
1120   0
1121   0
1122   0
1123   0
1124   0
1125   2
1126   0
1127   0
1128   1
1129   0
1130   0
1131   0
1132   0
1133   0
1134   0
1135   0
1136   2
1137   1
1138   0
1139   1
1140   0
1141   1
1142   1
1143   0
1144   0
1145   0
1146   3
1147   7
1148   6
1149   2
1150   8
1151   6
1152   9
1153   10
1154   8
1155   7
1156   5
1157   3
1158   2
1159   2
1160   1
1161   0
1162   1
1163   0
1164   0
1165   2
1166   0
1167   1
1168   0
1169   1
1170   0
1171   2
1172   0
1173   0
1174   0
1175   0
1176   0
1177   0
1178   0
1179   0
1180   1
1181   0
1182   0
1183   0
1184   0
1185   0
1186   1
1187   0
1188   0
1189   0
1190   0
1191   0
1192   0
1193   0
1194   0
1195   0
1196   3
1197   0
1198   0
1199   1
1200   0
1201   0
1202   0
1203   0
1204   0
1205   0
1206   0
1207   1
1208   2
1209   3
1210   2
1211   6
1212   7
1213   11
1214   14
1215   9
1216   13
1217   20
1218   24
1219   24
1220   25
1221   21
1222   21
1223   15
1224   16
1225   16
1226   6
1227   10
1228   4
1229   7
1230   1
1231   2
1232   0
1233   1
1234   1
1235   0
1236   0
1237   0
1238   3
1239   1
1240   0
1241   0
1242   1
1243   0
1244   0
1245   0
1246   0
1247   0
1248   0
1249   0
1250   0
1251   0
1252   1
1253   1
1254   0
1255   0
1256   2
1257   2
1258   1
1259   2
1260   0
1261   3
1262   3
1263   3
1264   2
1265   6
1266   4
1267   2
1268   1
1269   4
1270   1
1271   1
1272   1
1273   2
1274   0
1275   1
1276   0
1277   0
1278   0
1279   1
1280   0
1281   0
1282   0
1283   1
1284   0
1285   2
1286   1
1287   1
1288   0
1289   0
1290   0
1291   4
1292   3
1293   5
1294   9
1295   8
1296   7
1297   7
1298   11
1299   13
1300   12
1301   6
1302   12
1303   9
1304   6
1305   1
1306   1
1307   3
1308   2
1309   0
1310   1
1311   1
1312   0
1313   1
1314   0
1315   0
1316   1
1317   0
1318   0
1319   0
1320   0
1321   0
1322   0
1323   0
1324   0
1325   0
1326   1
1327   0
1328   0
1329   0
1330   1
1331   0
1332   0
1333   1
1334   1
1335   0
1336   3
1337   3
1338   4
1339   3
1340   7
1341   2
1342   2
1343   5
1344   2
1345   1
1346   0
1347   1
1348   1
1349   1
1350   3
1351   1
1352   0
1353   4
1354   0
1355   1
1356   0
1357   1
1358   0
1359   2
1360   2
1361   2
1362   1
1363   2
1364   3
1365   0
1366   0
1367   0
1368   0
1369   0
1370   1
1371   0
1372   0
1373   1
1374   1
1375   0
1376   0
1377   1
1378   0
1379   2
1380   1
1381   2
1382   3
1383   3
1384   2
1385   6
1386   1
1387   1
1388   5
1389   2
1390   3
1391   7
1392   5
1393   6
1394   0
1395   2
1396   1
1397   1
1398   1
1399   0
1400   0
1401   1
1402   0
1403   0
1404   0
1405   0
1406   0
1407   0
1408   0
1409   0
1410   0
1411   0
1412   0
1413   0
1414   0
1415   0
1416   0
1417   0
1418   0
1419   0
1420   0
1421   0
1422   1
1423   1
1424   0
1425   1
1426   3
1427   0
1428   1
1429   0
1430   1
1431   1
1432   0
1433   0
1434   2
1435   1
1436   1
1437   1
1438   1
1439   0
1440   0
1441   0
1442   1
1443   0
1444   2
1445   0
1446   1
1447   2
1448   0
1449   0
1450   1
1451   0
1452   0
1453   1
1454   0
1455   0
1456   1
1457   1
1458   1
1459   3
1460   1
1461   1
1462   3
1463   0
1464   0
1465   1
1466   2
1467   0
1468   2
1469   0
1470   0
1471   0
1472   2
1473   1
1474   1
1475   0
1476   2
1477   0
1478   2
1479   1
1480   1
1481   0
1482   0
1483   1
1484   1
1485   1
1486   3
1487   4
1488   0
1489   0
1490   1
1491   2
1492   2
1493   0
1494   2
1495   0
1496   0
1497   1
1498   1
1499   2
1500   0
1501   0
1502   0
1503   0
1504   1
1505   0
1506   1
1507   0
1508   0
1509   0
1510   0
1511   0
1512   0
1513   0
1514   0
1515   2
1516   0
1517   0
1518   0
1519   0
1520   0
1521   1
1522   0
1523   0
1524   0
1525   0
1526   0
1527   1
1528   0
1529   0
1530   3
1531   1
1532   1
1533   1
1534   0
1535   0
1536   0
1537   1
1538   0
1539   1
1540   0
1541   0
1542   1
1543   0
1544   1
1545   0
1546   0
1547   1
1548   1
1549   1
1550   0
1551   4
1552   2
1553   3
1554   4
1555   5
1556   4
1557   7
1558   10
1559   7
1560   11
1561   20
1562   18
1563   20
1564   21
1565   27
1566   25
1567   25
1568   27
1569   25
1570   28
1571   29
1572   23
1573   19
1574   15
1575   18
1576   8
1577   15
1578   8
1579   7
1580   3
1581   2
1582   1
1583   0
1584   1
1585   5
1586   1
1587   1
1588   2
1589   0
1590   0
1591   0
1592   0
1593   1
1594   0
1595   1
1596   1
1597   0
1598   0
1599   0
1600   1
1601   0
1602   0
1603   1
1604   0
1605   0
1606   0
1607   0
1608   0
1609   0
1610   1
1611   0
1612   0
1613   0
1614   0
1615   0
1616   1
1617   0
1618   0
1619   1
1620   0
1621   0
1622   0
1623   0
1624   1
1625   0
1626   0
1627   0
1628   0
1629   0
1630   0
1631   1
1632   0
1633   0
1634   1
1635   0
1636   0
1637   0
1638   0
1639   0
1640   0
1641   0
1642   0
1643   0
1644   0
1645   0
1646   0
1647   0
1648   0
1649   1
1650   0
1651   1
1652   0
1653   1
1654   0
1655   0
1656   0
1657   0
1658   1
1659   0
1660   1
1661   0
1662   0
1663   0
1664   0
1665   0
1666   2
1667   0
1668   1
1669   0
1670   0
1671   3
1672   0
1673   0
1674   0
1675   0
1676   0
1677   1
1678   0
1679   0
1680   0
1681   0
1682   0
1683   0
1684   0
1685   0
1686   0
1687   0
1688   1
1689   0
1690   1
1691   0
1692   0
1693   1
1694   0
1695   0
1696   0
1697   0
1698   0
1699   0
1700   0
1701   0
1702   0
1703   0
1704   0
1705   0
1706   0
1707   0
1708   0
1709   0
1710   0
1711   0
1712   0
1713   0
1714   0
1715   0
1716   1
1717   0
1718   0
1719   0
1720   0
1721   0
1722   1
1723   2
1724   2
1725   2
1726   2
1727   1
1728   4
1729   1
1730   6
1731   5
1732   5
1733   7
1734   7
1735   10
1736   3
1737   9
1738   12
1739   5
1740   7
1741   14
1742   10
1743   5
1744   4
1745   9
1746   7
1747   2
1748   5
1749   4
1750   6
1751   3
1752   8
1753   5
1754   7
1755   8
1756   11
1757   16
1758   12
1759   14
1760   11
1761   15
1762   11
1763   7
1764   10
1765   10
1766   2
1767   7
1768   9
1769   1
1770   1
1771   2
1772   1
1773   2
1774   1
1775   2
1776   0
1777   3
1778   1
1779   0
1780   0
1781   3
1782   3
1783   3
1784   1
1785   0
1786   0
1787   0
1788   0
1789   0
1790   0
1791   0
1792   0
1793   0
1794   0
1795   1
1796   0
1797   0
1798   0
1799   1
1800   0
1801   0
1802   0
1803   0
1804   0
1805   0
1806   0
1807   0
1808   1
1809   1
1810   0
1811   0
1812   1
1813   1
1814   1
1815   0
1816   0
1817   1
1818   3
1819   2
1820   2
1821   0
1822   3
1823   5
1824   4
1825   5
1826   7
1827   6
1828   9
1829   9
1830   18
1831   21
1832   15
1833   20
1834   18
1835   21
1836   19
1837   25
1838   13
1839   16
1840   10
1841   9
1842   8
1843   2
1844   2
1845   1
1846   1
1847   0
1848   1
1849   3
1850   0
1851   0
1852   0
1853   1
1854   0
1855   0
1856   0
1857   0
1858   0
1859   0
1860   1
1861   0
1862   0
1863   0
1864   0
1865   0
1866   0
1867   0
1868   1
1869   1
1870   0
1871   0
1872   0
1873   1
1874   0
1875   0
1876   0
1877   0
1878   0
1879   0
1880   1
1881   0
1882   0
1883   0
1884   0
1885   0
1886   0
1887   0
1888   0
1889   0
1890   0
1891   0
1892   0
1893   1
1894   0
1895   0
1896   0
1897   0
1898   0
1899   0
1900   1
1901   0
1902   0
1903   0
1904   0
1905   0
1906   0
1907   0
1908   1
1909   0
1910   0
1911   0
1912   0
1913   0
1914   0
1915   0
1916   1
1917   0
1918   0
1919   0
1920   0
1921   0
1922   0
1923   0
1924   0
1925   0
1926   1
1927   0
1928   0
1929   0
1930   0
1931   0
1932   0
1933   0
1934   0
1935   0
1936   0
1937   0
1938   0
1939   0
1940   0
1941   0
1942   0
1943   0
1944   0
1945   0
1946   0
1947   0
1948   0
1949   0
1950   0
1951   0
1952   0
1953   0
1954   0
1955   0
1956   0
1957   0
1958   0
1959   0
1960   0
1961   0
1962   0
1963   1
1964   0
1965   0
1966   1
1967   0
1968   2
1969   1
1970   0
1971   1
1972   2
1973   0
1974   0
1975   0
1976   0
1977   0
1978   0
1979   1
1980   0
1981   1
1982   2
1983   1
1984   1
1985   0
1986   2
1987   1
1988   1
1989   1
1990   0
1991   0
1992   0
1993   1
1994   0
1995   1
1996   0
1997   0
1998   0
1999   1
2000   1
2001   0
2002   0
2003   0
2004   1
2005   0
2006   1
2007   2
2008   0
2009   2
2010   0
2011   2
2012   1
2013   2
2014   0
2015   2
2016   0
2017   1
2018   0
2019   0
2020   0
2021   1
2022   1
2023   0
2024   0
2025   0
2026   0
2027   1
2028   0
2029   0
2030   0
2031   0
2032   0
2033   0
2034   0
2035   0
2036   0
2037   0
2038   0
2039   0
2040   0
2041   0
2042   0
2043   0
2044   0
2045   0
2046   0
2047   0
2048   0
2049   0
2050   0
2051   0
2052   0
2053   0
2054   0
2055   0
2056   0
2057   0
2058   1
2059   0
2060   0
2061   0
2062   0
2063   0
2064   0
2065   1
2066   1
2067   0
2068   0
2069   1
2070   0
2071   0
2072   1
2073   1
2074   0
2075   1
2076   4
2077   2
2078   3
2079   7
2080   3
2081   7
2082   7
2083   14
2084   14
2085   13
2086   10
2087   10
2088   15
2089   8
2090   8
2091   3
2092   4
2093   0
2094   2
2095   3
2096   0
2097   0
2098   1
2099   0
2100   0
2101   0
2102   0
2103   1
2104   0
2105   0
2106   0
2107   0
2108   0
2109   0
2110   0
2111   0
2112   0
2113   0
2114   0
2115   0
2116   0
2117   1
2118   0
2119   0
2120   0
2121   0
2122   0
2123   0
2124   0
2125   0
2126   0
2127   0
2128   0
2129   0
2130   0
2131   0
2132   0
2133   0
2134   0
2135   0
2136   0
2137   0
2138   0
2139   0
2140   0
2141   0
2142   0
2143   0
2144   1
2145   0
2146   0
2147   0
2148   1
2149   0
2150   0
2151   0
2152   0
2153   0
2154   0
2155   0
2156   0
2157   0
2158   0
2159   0
2160   0
2161   0
2162   0
2163   0
2164   0
2165   1
2166   0
2167   0
2168   3
2169   1
2170   4
2171   1
2172   1
2173   4
2174   6
2175   9
2176   5
2177   12
2178   6
2179   7
2180   8
2181   6
2182   5
2183   6
2184   4
2185   2
2186   2
2187   3
2188   5
2189   3
2190   6
2191   5
2192   4
2193   6
2194   5
2195   2
2196   7
2197   6
2198   7
2199   1
2200   3
2201   2
2202   4
2203   1
2204   1
2205   1
2206   1
2207   0
2208   1
2209   0
2210   0
2211   0
2212   1
2213   0
2214   0
2215   0
2216   0
2217   0
2218   0
2219   0
2220   0
2221   0
2222   1
2223   1
2224   0
2225   0
2226   1
2227   0
2228   0
2229   0
2230   0
2231   0
2232   0
2233   1
2234   0
2235   2
2236   0
2237   0
2238   0
2239   0
2240   0
2241   0
2242   0
2243   0
2244   0
2245   0
2246   0
2247   0
2248   0
2249   0
2250   1
2251   0
2252   0
2253   0
2254   0
2255   0
2256   0
2257   1
2258   0
2259   0
2260   0
2261   0
2262   0
2263   0
2264   0
2265   1
2266   0
2267   1
2268   1
2269   0
2270   0
2271   0
2272   1
2273   2
2274   1
2275   0
2276   1
2277   1
2278   0
2279   1
2280   4
2281   2
2282   0
2283   3
2284   2
2285   5
2286   2
2287   3
2288   1
2289   4
2290   7
2291   8
2292   11
2293   10
2294   10
2295   16
2296   12
2297   21
2298   26
2299   41
2300   37
2301   69
2302   74
2303   120
2304   142
2305   201
2306   253
2307   364
2308   415
2309   548
2310   612
2311   699
2312   765
2313   704
2314   738
2315   642
2316   535
2317   426
2318   344
2319   257
2320   191
2321   119
2322   87
2323   55
2324   40
2325   32
2326   27
2327   23
2328   10
2329   16
2330   5
2331   8
2332   9
2333   5
2334   2
2335   3
2336   3
2337   1
2338   2
2339   1
2340   1
2341   0
2342   1
2343   1
2344   0
2345   0
2346   1
2347   1
2348   0
2349   0
2350   0
2351   1
2352   0
2353   1
2354   1
2355   0
2356   0
2357   0
2358   0
2359   0
2360   0
2361   0
2362   0
2363   0
2364   0
2365   1
2366   0
2367   0
2368   0
2369   0
2370   0
2371   0
2372   1
2373   1
2374   2
2375   0
2376   1
2377   2
2378   2
2379   0
2380   0
2381   1
2382   5
2383   5
2384   5
2385   5
2386   6
2387   12
2388   13
2389   9
2390   9
2391   8
2392   5
2393   5
2394   7
2395   3
2396   4
2397   5
2398   2
2399   3
2400   0
2401   0
2402   0
2403   0
2404   0
2405   0
2406   0
2407   0
2408   0
2409   0
2410   0
2411   0
2412   0
2413   1
2414   0
2415   0
2416   0
2417   0
2418   0
2419   0
2420   0
2421   0
2422   0
2423   1
2424   0
2425   0
2426   1
2427   0
2428   0
2429   0
2430   1
2431   0
2432   0
2433   0
2434   0
2435   0
2436   0
2437   0
2438   0
2439   0
2440   0
2441   0
2442   0
2443   0
2444   0
2445   0
2446   0
2447   0
2448   0
2449   0
2450   0
2451   0
2452   0
2453   0
2454   0
2455   0
2456   0
2457   0
2458   0
2459   0
2460   0
2461   0
2462   1
2463   0
2464   0
2465   0
2466   0
2467   0
2468   0
2469   0
2470   0
2471   0
2472   0
2473   0
2474   0
2475   0
2476   0
2477   0
2478   1
2479   0
2480   0
2481   0
2482   0
2483   1
2484   0
2485   0
2486   1
2487   0
2488   0
2489   0
2490   0
2491   0
2492   0
2493   0
2494   0
2495   0
2496   0
2497   0
2498   0
2499   0
2500   0
2501   1
2502   0
2503   0
2504   0
2505   0
2506   0
2507   0
2508   0
2509   0
2510   0
2511   0
2512   0
2513   0
2514   0
2515   0
2516   0
2517   0
2518   0
2519   0
2520   0
2521   0
2522   0
2523   0
2524   0
2525   0
2526   0
2527   0
2528   1
2529   0
2530   0
2531   0
2532   0
2533   0
2534   0
2535   0
2536   0
2537   0
2538   0
2539   1
2540   0
2541   1
2542   2
2543   2
2544   2
2545   3
2546   5
2547   2
2548   6
2549   6
2550   7
2551   6
2552   14
2553   11
2554   25
2555   27
2556   18
2557   32
2558   23
2559   36
2560   26
2561   15
2562   16
2563   7
2564   15
2565   3
2566   3
2567   1
2568   2
2569   1
2570   3
2571   0
2572   0
2573   0
2574   0
2575   1
2576   1
2577   0
2578   0
2579   0
2580   0
2581   0
2582   0
2583   0
2584   0
2585   0
2586   0
2587   0
2588   0
2589   0
2590   0
2591   0
2592   2
2593   0
2594   0
2595   0
2596   0
2597   0
2598   1
2599   0
2600   0
2601   0
2602   0
2603   0
2604   0
2605   0
2606   1
2607   0
2608   0
2609   1
2610   0
2611   1
2612   1
2613   1
2614   1
2615   5
2616   1
2617   1
2618   6
2619   6
2620   4
2621   4
2622   7
2623   4
2624   2
2625   2
2626   7
2627   1
2628   2
2629   2
2630   1
2631   0
2632   0
2633   0
2634   1
2635   1
2636   0
2637   0
2638   0
2639   0
2640   0
2641   0
2642   0
2643   0
2644   0
2645   0
2646   0
2647   0
2648   0
2649   0
2650   0
2651   0
2652   0
2653   0
2654   0
2655   0
2656   0
2657   0
2658   0
2659   0
2660   0
2661   0
2662   0
2663   0
2664   0
2665   0
2666   0
2667   0
2668   0
2669   0
2670   0
2671   0
2672   0
2673   0
2674   0
2675   0
2676   1
2677   0
2678   0
2679   0
2680   1
2681   0
2682   0
2683   0
2684   1
2685   0
2686   0
2687   0
2688   1
2689   0
2690   0
2691   0
2692   1
2693   0
2694   1
2695   0
2696   0
2697   0
2698   0
2699   1
2700   1
2701   1
2702   3
2703   5
2704   3
2705   3
2706   6
2707   2
2708   4
2709   3
2710   0
2711   2
2712   2
2713   1
2714   3
2715   1
2716   2
2717   1
2718   0
2719   0
2720   1
2721   0
2722   0
2723   0
2724   0
2725   0
2726   0
2727   0
2728   0
2729   0
2730   1
2731   0
2732   0
2733   0
2734   0
2735   0
2736   0
2737   0
2738   1
2739   0
2740   0
2741   1
2742   0
2743   1
2744   0
2745   0
2746   0
2747   0
2748   0
2749   0
2750   1
2751   0
2752   0
2753   0
2754   0
2755   0
2756   0
2757   1
2758   0
2759   0
2760   0
2761   0
2762   1
2763   0
2764   0
2765   0
2766   0
2767   0
2768   0
2769   1
2770   1
2771   0
2772   0
2773   0
2774   1
2775   2
2776   1
2777   1
2778   0
2779   0
2780   0
2781   2
2782   2
2783   2
2784   0
2785   2
2786   1
2787   0
2788   0
2789   0
2790   0
2791   0
2792   0
2793   0
2794   0
2795   0
2796   1
2797   0
2798   0
2799   0
2800   0
2801   0
2802   0
2803   0
2804   0
2805   1
2806   1
2807   0
2808   0
2809   0
2810   1
2811   0
2812   0
2813   0
2814   0
2815   0
2816   0
2817   0
2818   0
2819   0
2820   0
2821   0
2822   0
2823   0
2824   1
2825   0
2826   0
2827   0
2828   0
2829   0
2830   0
2831   0
2832   0
2833   0
2834   0
2835   0
2836   0
2837   0
2838   0
2839   1
2840   1
2841   0
2842   0
2843   0
2844   0
2845   0
2846   0
2847   0
2848   0
2849   0
2850   0
2851   0
2852   0
2853   1
2854   0
2855   0
2856   0
2857   0
2858   0
2859   0
2860   0
2861   0
2862   0
2863   0
2864   0
2865   0
2866   0
2867   0
2868   0
2869   0
2870   0
2871   0
2872   0
2873   0
2874   0
2875   0
2876   0
2877   0
2878   1
2879   0
2880   0
2881   1
2882   0
2883   0
2884   0
2885   0
2886   0
2887   0
2888   1
2889   0
2890   0
2891   0
2892   0
2893   0
2894   0
2895   0
2896   0
2897   0
2898   0
2899   0
2900   0
2901   0
2902   0
2903   0
2904   0
2905   0
2906   0
2907   0
2908   1
2909   1
2910   0
2911   0
2912   0
2913   0
2914   0
2915   0
2916   0
2917   0
2918   0
2919   0
2920   0
2921   1
2922   0
2923   0
2924   0
2925   0
2926   1
2927   2
2928   1
2929   0
2930   3
2931   3
2932   2
2933   3
2934   4
2935   10
2936   8
2937   11
2938   3
2939   11
2940   10
2941   7
2942   13
2943   4
2944   6
2945   2
2946   3
2947   5
2948   1
2949   0
2950   1
2951   0
2952   1
2953   0
2954   0
2955   0
2956   1
2957   0
2958   0
2959   0
2960   1
2961   0
2962   0
2963   0
2964   0
2965   0
2966   0
2967   0
2968   0
2969   0
2970   0
2971   0
2972   0
2973   0
2974   0
2975   0
2976   0
2977   0
2978   0
2979   0
2980   0
2981   0
2982   0
2983   0
2984   0
2985   0
2986   0
2987   0
2988   0
2989   0
2990   0
2991   0
2992   0
2993   0
2994   0
2995   0
2996   0
2997   0
2998   0
2999   0
3000   0
3001   0
3002   0
3003   1
3004   0
3005   0
3006   0
3007   0
3008   0
3009   0
3010   1
3011   0
3012   0
3013   0
3014   0
3015   0
3016   0
3017   0
3018   0
3019   0
3020   0
3021   0
3022   0
3023   0
3024   0
3025   0
3026   0
3027   1
3028   0
3029   0
3030   0
3031   0
3032   0
3033   0
3034   0
3035   0
3036   0
3037   0
3038   0
3039   0
3040   0
3041   0
3042   0
3043   0
3044   0
3045   1
3046   0
3047   0
3048   0
3049   0
3050   0
3051   0
3052   0
3053   0
3054   0
3055   0
3056   0
3057   0
3058   0
3059   0
3060   0
3061   0
3062   0
3063   0
3064   0
3065   0
3066   0
3067   0
3068   0
3069   0
3070   0
3071   0
3072   0
3073   0
3074   1
3075   1
3076   0
3077   0
3078   0
3079   0
3080   0
3081   0
3082   0
3083   0
3084   0
3085   0
3086   0
3087   0
3088   0
3089   0
3090   1
3091   0
3092   0
3093   0
3094   0
3095   0
3096   0
3097   0
3098   0
3099   0
3100   0
3101   0
3102   0
3103   0
3104   0
3105   0
3106   0
3107   0
3108   0
3109   0
3110   0
3111   0
3112   0
3113   0
3114   1
3115   0
3116   0
3117   0
3118   0
3119   0
3120   0
3121   0
3122   0
3123   0
3124   0
3125   0
3126   0
3127   1
3128   0
3129   0
3130   0
3131   0
3132   0
3133   0
3134   0
3135   0
3136   0
3137   0
3138   0
3139   0
3140   1
3141   0
3142   0
3143   0
3144   0
3145   0
3146   0
3147   0
3148   0
3149   0
3150   0
3151   0
3152   0
3153   0
3154   0
3155   0
3156   0
3157   0
3158   0
3159   0
3160   0
3161   0
3162   0
3163   0
3164   0
3165   0
3166   0
3167   0
3168   0
3169   0
3170   1
3171   0
3172   0
3173   0
3174   0
3175   0
3176   1
3177   0
3178   0
3179   0
3180   0
3181   0
3182   0
3183   0
3184   0
3185   0
3186   0
3187   0
3188   0
3189   0
3190   0
3191   1
3192   0
3193   0
3194   0
3195   0
3196   0
3197   1
3198   0
3199   0
3200   0
3201   0
3202   0
3203   0
3204   0
3205   0
3206   0
3207   0
3208   0
3209   0
3210   0
3211   0
3212   0
3213   0
3214   0
3215   0
3216   0
3217   0
3218   0
3219   0
3220   0
3221   0
3222   0
3223   0
3224   0
3225   0
3226   0
3227   1
3228   0
3229   0
3230   0
3231   0
3232   0
3233   0
3234   0
3235   0
3236   0
3237   0
3238   1
3239   0
3240   0
3241   0
3242   0
3243   0
3244   0
3245   0
3246   0
3247   0
3248   0
3249   0
3250   0
3251   1
3252   0
3253   0
3254   0
3255   0
3256   0
3257   0
3258   0
3259   0
3260   0
3261   0
3262   0
3263   0
3264   0
3265   0
3266   0
3267   0
3268   0
3269   0
3270   0
3271   0
3272   0
3273   0
3274   0
3275   0
3276   1
3277   0
3278   0
3279   1
3280   1
3281   1
3282   1
3283   1
3284   0
3285   4
3286   1
3287   4
3288   2
3289   3
3290   1
3291   1
3292   0
3293   1
3294   1
3295   0
3296   0
3297   0
3298   1
3299   0
3300   0
3301   0
3302   0
3303   0
3304   0
3305   0
3306   0
3307   0
3308   0
3309   0
3310   0
3311   0
3312   0
3313   0
3314   0
3315   0
3316   0
3317   0
3318   0
3319   1
3320   0
3321   0
3322   0
3323   0
3324   1
3325   0
3326   0
3327   0
3328   0
3329   0
3330   0
3331   0
3332   0
3333   0
3334   0
3335   0
3336   0
3337   0
3338   0
3339   0
3340   0
3341   0
3342   0
3343   0
3344   0
3345   0
3346   0
3347   0
3348   0
3349   0
3350   0
3351   0
3352   0
3353   0
3354   0
3355   0
3356   0
3357   0
3358   0
3359   0
3360   0
3361   0
3362   0
3363   0
3364   0
3365   0
3366   0
3367   0
3368   0
3369   0
3370   0
3371   0
3372   0
3373   0
3374   0
3375   0
3376   0
3377   1
3378   0
3379   0
3380   0
3381   0
3382   0
3383   0
3384   0
3385   0
3386   0
3387   0
3388   0
3389   0
3390   0
3391   0
3392   0
3393   0
3394   1
3395   0
3396   1
3397   0
3398   0
3399   0
3400   0
3401   0
3402   0
3403   0
3404   0
3405   1
3406   0
3407   0
3408   0
3409   0
3410   0
3411   0
3412   0
3413   0
3414   0
3415   0
3416   0
3417   0
3418   0
3419   0
3420   0
3421   0
3422   0
3423   0
3424   0
3425   0
3426   0
3427   0
3428   0
3429   0
3430   0
3431   0
3432   0
3433   0
3434   0
3435   0
3436   1
3437   0
3438   0
3439   0
3440   0
3441   0
3442   0
3443   0
3444   0
3445   0
3446   0
3447   0
3448   0
3449   0
3450   0
3451   0
3452   0
3453   0
3454   0
3455   0
3456   0
3457   0
3458   0
3459   0
3460   0
3461   0
3462   0
3463   0
3464   1
3465   0
3466   0
3467   0
3468   0
3469   0
3470   0
3471   0
3472   0
3473   0
3474   0
3475   0
3476   0
3477   0
3478   0
3479   0
3480   0
3481   0
3482   0
3483   0
3484   0
3485   0
3486   0
3487   0
3488   0
3489   0
3490   0
3491   0
3492   0
3493   0
3494   0
3495   0
3496   0
3497   0
3498   0
3499   1
3500   0
3501   0
3502   0
3503   0
3504   0
3505   0
3506   0
3507   0
3508   0
3509   0
3510   0
3511   0
3512   1
3513   0
3514   0
3515   0
3516   0
3517   0
3518   0
3519   0
3520   0
3521   0
3522   0
3523   0
3524   0
3525   0
3526   0
3527   0
3528   0
3529   0
3530   0
3531   0
3532   1
3533   0
3534   0
3535   0
3536   0
3537   0
3538   0
3539   0
3540   0
3541   0
3542   1
3543   0
3544   1
3545   1
3546   0
3547   0
3548   2
3549   2
3550   3
3551   0
3552   2
3553   4
3554   3
3555   9
3556   7
3557   8
3558   6
3559   4
3560   5
3561   6
3562   4
3563   9
3564   4
3565   6
3566   5
3567   3
3568   2
3569   0
3570   0
3571   0
3572   0
3573   0
3574   0
3575   0
3576   0
3577   1
3578   0
3579   0
3580   1
3581   0
3582   1
3583   0
3584   0
3585   0
3586   0
3587   0
3588   0
3589   0
3590   0
3591   0
3592   1
3593   0
3594   0
3595   0
3596   0
3597   0
3598   0
3599   0
3600   0
3601   0
3602   0
3603   0
3604   0
3605   0
3606   0
3607   0
3608   0
3609   0
3610   0
3611   0
3612   0
3613   1
3614   0
3615   0
3616   0
3617   0
3618   0
3619   0
3620   0
3621   0
3622   0
3623   0
3624   0
3625   0
3626   0
3627   0
3628   0
3629   0
3630   0
3631   0
3632   0
3633   0
3634   0
3635   0
3636   0
3637   0
3638   0
3639   0
3640   0
3641   0
3642   0
3643   0
3644   0
3645   0
3646   0
3647   0
3648   0
3649   0
3650   0
3651   0
3652   0
3653   0
3654   0
3655   0
3656   0
3657   0
3658   0
3659   0
3660   0
3661   0
3662   0
3663   1
3664   0
3665   0
3666   0
3667   0
3668   0
3669   0
3670   0
3671   0
3672   0
3673   0
3674   0
3675   0
3676   0
3677   0
3678   0
3679   0
3680   0
3681   0
3682   0
3683   0
3684   0
3685   0
3686   0
3687   0
3688   0
3689   1
3690   0
3691   0
3692   0
3693   0
3694   0
3695   0
3696   0
3697   0
3698   0
3699   0
3700   0
3701   0
3702   0
3703   0
3704   0
3705   0
3706   0
3707   0
3708   0
3709   0
3710   0
3711   0
3712   0
3713   0
3714   0
3715   0
3716   0
3717   0
3718   0
3719   0
3720   0
3721   0
3722   1
3723   0
3724   0
3725   0
3726   1
3727   0
3728   0
3729   0
3730   0
3731   0
3732   0
3733   0
3734   0
3735   0
3736   0
3737   0
3738   0
3739   0
3740   0
3741   0
3742   0
3743   0
3744   0
3745   1
3746   0
3747   0
3748   0
3749   0
3750   0
3751   0
3752   0
3753   0
3754   0
3755   0
3756   0
3757   0
3758   1
3759   0
3760   0
3761   0
3762   0
3763   1
3764   0
3765   0
3766   0
3767   0
3768   0
3769   0
3770   1
3771   0
3772   0
3773   1
3774   0
3775   1
3776   0
3777   0
3778   0
3779   0
3780   0
3781   0
3782   1
3783   0
3784   0
3785   0
3786   0
3787   0
3788   0
3789   0
3790   0
3791   0
3792   0
3793   0
3794   0
3795   0
3796   0
3797   0
3798   0
3799   0
3800   0
3801   0
3802   0
3803   0
3804   0
3805   0
3806   0
3807   0
3808   0
3809   0
3810   0
3811   0
3812   0
3813   0
3814   0
3815   0
3816   0
3817   0
3818   0
3819   0
3820   0
3821   0
3822   0
3823   0
3824   0
3825   0
3826   0
3827   0
3828   0
3829   0
3830   0
3831   0
3832   0
3833   0
3834   0
3835   0
3836   0
3837   0
3838   0
3839   0
3840   0
3841   0
3842   0
3843   0
3844   0
3845   0
3846   0
3847   0
3848   0
3849   0
3850   0
3851   0
3852   1
3853   0
3854   0
3855   0
3856   0
3857   0
3858   0
3859   0
3860   0
3861   0
3862   0
3863   0
3864   0
3865   0
3866   0
3867   0
3868   1
3869   0
3870   0
3871   0
3872   0
3873   1
3874   0
3875   0
3876   0
3877   0
3878   0
3879   0
3880   0
3881   1
3882   0
3883   0
3884   0
3885   0
3886   0
3887   0
3888   0
3889   0
3890   0
3891   0
3892   0
3893   0
3894   0
3895   0
3896   0
3897   0
3898   0
3899   0
3900   0
3901   0
3902   0
3903   0
3904   0
3905   0
3906   0
3907   0
3908   0
3909   1
3910   1
3911   0
3912   1
3913   2
3914   2
3915   2
3916   2
3917   3
3918   1
3919   2
3920   2
3921   1
3922   2
3923   1
3924   0
3925   1
3926   0
3927   0
3928   0
3929   0
3930   1
3931   0
3932   0
3933   1
3934   0
3935   2
3936   2
3937   0
3938   0
3939   0
3940   0
3941   2
3942   0
3943   0
3944   1
3945   1
3946   0
3947   0
3948   0
3949   0
3950   0
3951   0
3952   0
3953   0
3954   0
3955   0
3956   0
3957   0
3958   0
3959   0
3960   0
3961   0
3962   0
3963   2
3964   0
3965   0
3966   0
3967   2
3968   0
3969   0
3970   0
3971   0
3972   0
3973   1
3974   0
3975   0
3976   0
3977   0
3978   0
3979   0
3980   0
3981   0
3982   0
3983   0
3984   1
3985   0
3986   0
3987   0
3988   1
3989   0
3990   0
3991   1
3992   0
3993   0
3994   1
3995   0
3996   0
3997   0
3998   0
3999   0
4000   0
4001   0
4002   0
4003   0
4004   0
4005   0
4006   1
4007   0
4008   0
4009   0
4010   0
4011   0
4012   1
4013   0
4014   0
4015   1
4016   2
4017   1
4018   2
4019   0
4020   0
4021   0
4022   1
4023   0
4024   0
4025   1
4026   0
4027   0
4028   0
4029   0
4030   0
4031   0
4032   0
4033   0
4034   0
4035   0
4036   0
4037   0
4038   0
4039   0
4040   0
4041   0
4042   0
4043   0
4044   0
4045   0
4046   0
4047   0
4048   0
4049   0
4050   0
4051   0
4052   0
4053   0
4054   0
4055   0
4056   0
4057   0
4058   0
4059   0
4060   0
4061   0
4062   0
4063   0
4064   0
4065   0
4066   0
4067   0
4068   0
4069   0
4070   0
4071   0
4072   0
4073   0
4074   0
4075   0
4076   0
4077   0
4078   0
4079   0
4080   0
4081   0
4082   0
4083   0
4084   0
4085   0
4086   0
4087   0
4088   0
4089   0
4090   0
4091   0
4092   0
4093   0
4094   0
4095   76
