0   0
1   0
2   0
3   0
4   0
5   0
6   0
7   0
8   0
9   0
10   0
11   0
12   0
13   0
14   0
15   0
16   0
17   0
18   0
19   0
20   0
21   0
22   0
23   0
24   0
25   0
26   0
27   0
28   0
29   0
30   0
31   0
32   0
33   0
34   0
35   0
36   0
37   0
38   0
39   0
40   0
41   0
42   0
43   0
44   0
45   0
46   0
47   0
48   0
49   0
50   0
51   0
52   0
53   0
54   0
55   0
56   0
57   0
58   0
59   0
60   0
61   0
62   0
63   0
64   0
65   0
66   0
67   0
68   0
69   0
70   0
71   0
72   0
73   0
74   0
75   0
76   0
77   0
78   0
79   0
80   0
81   0
82   0
83   0
84   0
85   0
86   0
87   0
88   0
89   0
90   0
91   0
92   0
93   0
94   0
95   0
96   0
97   0
98   0
99   0
100   0
101   0
102   0
103   0
104   0
105   0
106   0
107   0
108   0
109   0
110   0
111   0
112   0
113   0
114   0
115   0
116   0
117   0
118   0
119   0
120   0
121   0
122   0
123   0
124   0
125   0
126   0
127   0
128   0
129   0
130   0
131   0
132   0
133   0
134   0
135   0
136   0
137   0
138   0
139   0
140   0
141   0
142   0
143   0
144   0
145   0
146   0
147   0
148   0
149   0
150   0
151   0
152   0
153   0
154   0
155   0
156   0
157   0
158   0
159   0
160   0
161   0
162   0
163   0
164   0
165   0
166   0
167   0
168   0
169   0
170   0
171   0
172   0
173   0
174   0
175   0
176   0
177   0
178   0
179   0
180   0
181   0
182   0
183   0
184   0
185   0
186   0
187   0
188   0
189   0
190   0
191   0
192   0
193   0
194   0
195   0
196   0
197   0
198   0
199   0
200   0
201   0
202   0
203   0
204   0
205   0
206   0
207   0
208   0
209   0
210   0
211   0
212   0
213   0
214   0
215   0
216   0
217   0
218   0
219   0
220   0
221   0
222   0
223   0
224   0
225   0
226   0
227   0
228   0
229   0
230   0
231   0
232   0
233   0
234   0
235   0
236   0
237   0
238   0
239   0
240   0
241   0
242   0
243   0
244   0
245   0
246   0
247   0
248   0
249   0
250   0
251   0
252   0
253   0
254   0
255   0
256   0
257   0
258   0
259   0
260   0
261   0
262   0
263   0
264   0
265   0
266   0
267   0
268   0
269   0
270   0
271   0
272   0
273   0
274   0
275   0
276   0
277   0
278   0
279   0
280   0
281   0
282   0
283   0
284   0
285   0
286   0
287   0
288   0
289   0
290   0
291   0
292   0
293   0
294   0
295   0
296   0
297   0
298   0
299   0
300   0
301   0
302   0
303   0
304   0
305   0
306   0
307   0
308   0
309   0
310   0
311   0
312   0
313   0
314   0
315   0
316   0
317   0
318   0
319   0
320   0
321   0
322   0
323   0
324   0
325   0
326   0
327   0
328   0
329   0
330   0
331   0
332   0
333   0
334   0
335   0
336   0
337   0
338   0
339   0
340   0
341   0
342   0
343   0
344   0
345   0
346   0
347   0
348   0
349   0
350   0
351   0
352   0
353   0
354   0
355   0
356   0
357   0
358   0
359   0
360   0
361   0
362   0
363   0
364   0
365   0
366   0
367   0
368   0
369   0
370   0
371   0
372   0
373   0
374   0
375   0
376   0
377   0
378   0
379   0
380   0
381   0
382   0
383   0
384   0
385   0
386   0
387   0
388   0
389   0
390   0
391   0
392   0
393   0
394   0
395   0
396   0
397   0
398   0
399   0
400   0
401   0
402   0
403   0
404   0
405   0
406   0
407   0
408   0
409   0
410   0
411   0
412   0
413   0
414   0
415   0
416   0
417   0
418   0
419   0
420   0
421   0
422   0
423   0
424   0
425   0
426   0
427   0
428   0
429   0
430   0
431   0
432   0
433   0
434   0
435   0
436   0
437   0
438   0
439   0
440   0
441   0
442   0
443   0
444   0
445   0
446   0
447   0
448   0
449   0
450   0
451   0
452   0
453   0
454   0
455   0
456   0
457   0
458   0
459   0
460   0
461   0
462   0
463   0
464   0
465   0
466   0
467   0
468   0
469   0
470   0
471   0
472   0
473   0
474   0
475   0
476   0
477   0
478   0
479   0
480   0
481   0
482   0
483   0
484   0
485   0
486   0
487   0
488   0
489   0
490   0
491   0
492   0
493   0
494   0
495   0
496   0
497   0
498   0
499   0
500   0
501   0
502   0
503   0
504   0
505   0
506   0
507   0
508   0
509   0
510   0
511   0
512   0
513   0
514   0
515   0
516   0
517   0
518   0
519   0
520   0
521   0
522   0
523   0
524   0
525   0
526   0
527   0
528   0
529   0
530   0
531   0
532   0
533   0
534   0
535   0
536   0
537   0
538   0
539   0
540   0
541   0
542   0
543   0
544   0
545   0
546   0
547   0
548   0
549   0
550   0
551   0
552   0
553   0
554   0
555   0
556   0
557   0
558   0
559   0
560   0
561   0
562   0
563   0
564   0
565   0
566   0
567   0
568   0
569   0
570   0
571   0
572   0
573   0
574   0
575   0
576   0
577   0
578   0
579   0
580   0
581   0
582   0
583   0
584   0
585   0
586   0
587   0
588   0
589   0
590   0
591   0
592   0
593   0
594   0
595   0
596   0
597   0
598   0
599   0
600   0
601   0
602   0
603   0
604   0
605   0
606   0
607   0
608   0
609   0
610   0
611   0
612   0
613   0
614   0
615   0
616   0
617   0
618   0
619   0
620   0
621   0
622   0
623   0
624   0
625   0
626   0
627   0
628   0
629   0
630   0
631   0
632   0
633   0
634   0
635   0
636   0
637   0
638   0
639   0
640   0
641   0
642   0
643   0
644   0
645   0
646   0
647   0
648   0
649   0
650   0
651   0
652   0
653   0
654   0
655   0
656   0
657   0
658   0
659   0
660   0
661   0
662   0
663   0
664   0
665   0
666   0
667   0
668   0
669   0
670   0
671   0
672   0
673   0
674   0
675   0
676   0
677   0
678   0
679   0
680   0
681   0
682   0
683   0
684   0
685   0
686   0
687   0
688   0
689   0
690   0
691   0
692   0
693   0
694   0
695   0
696   0
697   0
698   0
699   0
700   0
701   0
702   0
703   0
704   0
705   0
706   0
707   0
708   0
709   0
710   0
711   0
712   0
713   0
714   0
715   0
716   0
717   0
718   0
719   0
720   0
721   0
722   0
723   0
724   0
725   0
726   0
727   0
728   0
729   0
730   0
731   0
732   0
733   0
734   0
735   0
736   0
737   0
738   0
739   0
740   0
741   0
742   0
743   0
744   0
745   0
746   0
747   0
748   0
749   0
750   0
751   0
752   0
753   0
754   0
755   0
756   0
757   0
758   0
759   0
760   0
761   0
762   0
763   0
764   0
765   0
766   0
767   0
768   0
769   0
770   0
771   0
772   0
773   0
774   0
775   0
776   0
777   0
778   0
779   0
780   0
781   0
782   0
783   0
784   0
785   0
786   0
787   0
788   0
789   0
790   0
791   0
792   0
793   0
794   0
795   0
796   0
797   0
798   0
799   0
800   0
801   0
802   0
803   0
804   0
805   0
806   0
807   0
808   0
809   0
810   0
811   0
812   0
813   0
814   0
815   0
816   0
817   0
818   0
819   0
820   0
821   0
822   0
823   0
824   0
825   0
826   0
827   0
828   0
829   0
830   0
831   0
832   0
833   0
834   0
835   0
836   0
837   0
838   0
839   0
840   0
841   0
842   0
843   0
844   0
845   0
846   0
847   0
848   0
849   0
850   0
851   0
852   0
853   0
854   0
855   0
856   0
857   0
858   0
859   0
860   0
861   0
862   0
863   0
864   0
865   0
866   0
867   0
868   0
869   0
870   0
871   0
872   0
873   0
874   0
875   0
876   0
877   0
878   0
879   0
880   0
881   0
882   0
883   0
884   0
885   0
886   0
887   0
888   0
889   0
890   0
891   0
892   0
893   0
894   0
895   0
896   0
897   0
898   0
899   0
900   0
901   0
902   0
903   0
904   0
905   0
906   0
907   0
908   0
909   0
910   0
911   0
912   0
913   0
914   0
915   0
916   0
917   0
918   0
919   0
920   0
921   0
922   0
923   0
924   0
925   0
926   0
927   0
928   0
929   0
930   0
931   0
932   0
933   0
934   0
935   0
936   0
937   0
938   0
939   0
940   0
941   0
942   0
943   0
944   0
945   0
946   0
947   0
948   0
949   0
950   0
951   0
952   0
953   0
954   0
955   0
956   0
957   0
958   0
959   0
960   0
961   0
962   0
963   0
964   0
965   0
966   0
967   0
968   0
969   0
970   0
971   0
972   0
973   0
974   0
975   0
976   0
977   0
978   0
979   0
980   0
981   0
982   0
983   0
984   0
985   0
986   0
987   0
988   0
989   0
990   0
991   0
992   0
993   0
994   0
995   0
996   0
997   0
998   0
999   0
1000   0
1001   0
1002   0
1003   0
1004   0
1005   0
1006   0
1007   0
1008   0
1009   0
1010   0
1011   0
1012   0
1013   0
1014   0
1015   0
1016   0
1017   0
1018   0
1019   0
1020   0
1021   0
1022   0
1023   0
1024   0
1025   0
1026   0
1027   0
1028   0
1029   0
1030   0
1031   0
1032   0
1033   0
1034   0
1035   0
1036   0
1037   0
1038   0
1039   0
1040   0
1041   0
1042   0
1043   0
1044   0
1045   0
1046   0
1047   0
1048   0
1049   0
1050   0
1051   0
1052   0
1053   0
1054   0
1055   0
1056   0
1057   0
1058   0
1059   0
1060   0
1061   0
1062   0
1063   0
1064   0
1065   0
1066   0
1067   0
1068   0
1069   0
1070   0
1071   0
1072   0
1073   0
1074   0
1075   0
1076   0
1077   0
1078   0
1079   0
1080   0
1081   0
1082   0
1083   0
1084   0
1085   0
1086   0
1087   0
1088   0
1089   0
1090   0
1091   0
1092   0
1093   0
1094   0
1095   0
1096   0
1097   0
1098   0
1099   0
1100   0
1101   0
1102   0
1103   0
1104   0
1105   0
1106   0
1107   0
1108   0
1109   0
1110   0
1111   0
1112   0
1113   0
1114   0
1115   0
1116   0
1117   0
1118   0
1119   0
1120   0
1121   0
1122   0
1123   1
1124   0
1125   0
1126   0
1127   0
1128   1
1129   0
1130   0
1131   0
1132   2
1133   0
1134   2
1135   0
1136   1
1137   1
1138   2
1139   5
1140   0
1141   3
1142   1
1143   4
1144   5
1145   2
1146   3
1147   1
1148   3
1149   1
1150   3
1151   1
1152   6
1153   4
1154   4
1155   2
1156   5
1157   6
1158   5
1159   9
1160   7
1161   3
1162   8
1163   8
1164   5
1165   8
1166   7
1167   8
1168   6
1169   7
1170   7
1171   3
1172   8
1173   4
1174   7
1175   9
1176   10
1177   12
1178   7
1179   7
1180   8
1181   5
1182   4
1183   12
1184   11
1185   6
1186   10
1187   6
1188   9
1189   6
1190   9
1191   8
1192   10
1193   9
1194   10
1195   9
1196   10
1197   8
1198   12
1199   12
1200   12
1201   11
1202   13
1203   14
1204   6
1205   15
1206   7
1207   11
1208   9
1209   8
1210   8
1211   12
1212   6
1213   7
1214   8
1215   12
1216   16
1217   8
1218   19
1219   10
1220   15
1221   9
1222   12
1223   8
1224   13
1225   5
1226   8
1227   11
1228   9
1229   4
1230   7
1231   5
1232   9
1233   7
1234   7
1235   8
1236   8
1237   7
1238   7
1239   5
1240   15
1241   6
1242   13
1243   6
1244   10
1245   6
1246   9
1247   7
1248   10
1249   6
1250   7
1251   4
1252   13
1253   9
1254   8
1255   10
1256   5
1257   8
1258   4
1259   8
1260   6
1261   6
1262   8
1263   7
1264   8
1265   8
1266   8
1267   14
1268   12
1269   8
1270   14
1271   10
1272   12
1273   14
1274   13
1275   10
1276   8
1277   12
1278   6
1279   12
1280   12
1281   13
1282   2
1283   7
1284   12
1285   11
1286   22
1287   18
1288   30
1289   23
1290   16
1291   16
1292   18
1293   20
1294   18
1295   14
1296   9
1297   11
1298   13
1299   5
1300   15
1301   14
1302   7
1303   14
1304   13
1305   12
1306   6
1307   12
1308   6
1309   15
1310   6
1311   9
1312   5
1313   9
1314   8
1315   12
1316   15
1317   11
1318   9
1319   9
1320   15
1321   15
1322   11
1323   13
1324   13
1325   15
1326   14
1327   6
1328   11
1329   16
1330   17
1331   16
1332   12
1333   15
1334   17
1335   9
1336   6
1337   13
1338   14
1339   5
1340   10
1341   6
1342   9
1343   12
1344   7
1345   7
1346   8
1347   7
1348   9
1349   14
1350   6
1351   12
1352   12
1353   11
1354   11
1355   11
1356   5
1357   11
1358   14
1359   13
1360   18
1361   21
1362   22
1363   17
1364   23
1365   44
1366   63
1367   82
1368   124
1369   170
1370   241
1371   295
1372   350
1373   372
1374   405
1375   500
1376   556
1377   552
1378   567
1379   479
1380   476
1381   454
1382   383
1383   338
1384   264
1385   201
1386   201
1387   138
1388   102
1389   59
1390   39
1391   26
1392   16
1393   15
1394   12
1395   12
1396   14
1397   10
1398   8
1399   6
1400   8
1401   7
1402   12
1403   8
1404   6
1405   5
1406   5
1407   6
1408   9
1409   15
1410   5
1411   11
1412   11
1413   12
1414   12
1415   5
1416   11
1417   7
1418   10
1419   7
1420   7
1421   7
1422   6
1423   7
1424   12
1425   6
1426   7
1427   4
1428   13
1429   9
1430   8
1431   8
1432   2
1433   10
1434   10
1435   4
1436   8
1437   9
1438   7
1439   6
1440   6
1441   13
1442   10
1443   10
1444   7
1445   16
1446   11
1447   8
1448   6
1449   7
1450   8
1451   5
1452   6
1453   10
1454   11
1455   11
1456   8
1457   7
1458   10
1459   10
1460   12
1461   5
1462   12
1463   8
1464   10
1465   14
1466   11
1467   9
1468   12
1469   6
1470   3
1471   9
1472   8
1473   6
1474   10
1475   7
1476   7
1477   9
1478   9
1479   7
1480   14
1481   5
1482   4
1483   8
1484   5
1485   5
1486   4
1487   7
1488   11
1489   2
1490   9
1491   5
1492   8
1493   3
1494   7
1495   9
1496   5
1497   2
1498   4
1499   4
1500   3
1501   8
1502   9
1503   14
1504   6
1505   8
1506   9
1507   7
1508   4
1509   1
1510   9
1511   14
1512   10
1513   10
1514   8
1515   13
1516   6
1517   6
1518   10
1519   5
1520   9
1521   6
1522   7
1523   6
1524   9
1525   7
1526   7
1527   4
1528   6
1529   7
1530   7
1531   4
1532   7
1533   7
1534   7
1535   7
1536   7
1537   7
1538   6
1539   5
1540   5
1541   7
1542   5
1543   7
1544   6
1545   8
1546   6
1547   5
1548   5
1549   8
1550   4
1551   7
1552   5
1553   7
1554   9
1555   5
1556   6
1557   3
1558   4
1559   2
1560   7
1561   6
1562   7
1563   1
1564   7
1565   5
1566   9
1567   3
1568   5
1569   7
1570   12
1571   11
1572   14
1573   17
1574   15
1575   15
1576   11
1577   15
1578   18
1579   11
1580   9
1581   5
1582   5
1583   7
1584   13
1585   5
1586   7
1587   7
1588   5
1589   3
1590   6
1591   7
1592   12
1593   7
1594   13
1595   16
1596   10
1597   15
1598   16
1599   10
1600   7
1601   11
1602   9
1603   9
1604   11
1605   3
1606   5
1607   1
1608   7
1609   10
1610   2
1611   5
1612   6
1613   4
1614   8
1615   8
1616   14
1617   16
1618   19
1619   16
1620   19
1621   24
1622   34
1623   26
1624   13
1625   9
1626   15
1627   8
1628   9
1629   6
1630   3
1631   7
1632   6
1633   9
1634   6
1635   6
1636   8
1637   6
1638   4
1639   10
1640   5
1641   11
1642   12
1643   7
1644   2
1645   6
1646   7
1647   5
1648   4
1649   6
1650   6
1651   5
1652   5
1653   2
1654   10
1655   4
1656   11
1657   15
1658   8
1659   9
1660   5
1661   7
1662   5
1663   10
1664   5
1665   12
1666   5
1667   12
1668   12
1669   8
1670   14
1671   10
1672   12
1673   21
1674   27
1675   11
1676   4
1677   14
1678   7
1679   5
1680   9
1681   8
1682   10
1683   11
1684   5
1685   12
1686   11
1687   8
1688   13
1689   9
1690   4
1691   14
1692   10
1693   13
1694   10
1695   10
1696   8
1697   4
1698   11
1699   11
1700   7
1701   10
1702   7
1703   10
1704   9
1705   12
1706   8
1707   5
1708   6
1709   7
1710   7
1711   6
1712   8
1713   8
1714   13
1715   8
1716   16
1717   10
1718   10
1719   14
1720   10
1721   9
1722   10
1723   4
1724   3
1725   11
1726   11
1727   10
1728   15
1729   5
1730   11
1731   9
1732   9
1733   8
1734   13
1735   15
1736   18
1737   12
1738   12
1739   21
1740   21
1741   22
1742   41
1743   36
1744   49
1745   99
1746   142
1747   162
1748   215
1749   320
1750   356
1751   467
1752   475
1753   537
1754   616
1755   568
1756   647
1757   661
1758   622
1759   608
1760   603
1761   519
1762   487
1763   403
1764   423
1765   316
1766   252
1767   196
1768   152
1769   130
1770   113
1771   66
1772   56
1773   48
1774   34
1775   24
1776   25
1777   22
1778   15
1779   13
1780   13
1781   19
1782   15
1783   8
1784   17
1785   7
1786   18
1787   5
1788   11
1789   9
1790   12
1791   5
1792   13
1793   21
1794   8
1795   6
1796   12
1797   10
1798   8
1799   9
1800   12
1801   12
1802   6
1803   9
1804   10
1805   9
1806   10
1807   12
1808   8
1809   9
1810   15
1811   22
1812   27
1813   28
1814   30
1815   51
1816   45
1817   60
1818   62
1819   91
1820   75
1821   96
1822   67
1823   60
1824   73
1825   72
1826   49
1827   40
1828   29
1829   40
1830   28
1831   21
1832   15
1833   19
1834   15
1835   9
1836   10
1837   16
1838   14
1839   8
1840   11
1841   12
1842   7
1843   7
1844   19
1845   14
1846   10
1847   12
1848   19
1849   16
1850   16
1851   13
1852   20
1853   20
1854   14
1855   12
1856   15
1857   17
1858   17
1859   16
1860   14
1861   13
1862   10
1863   15
1864   22
1865   17
1866   18
1867   11
1868   10
1869   16
1870   16
1871   15
1872   19
1873   16
1874   22
1875   22
1876   14
1877   20
1878   16
1879   11
1880   30
1881   20
1882   24
1883   28
1884   18
1885   20
1886   14
1887   20
1888   23
1889   10
1890   17
1891   17
1892   24
1893   24
1894   18
1895   23
1896   18
1897   26
1898   25
1899   24
1900   24
1901   29
1902   29
1903   26
1904   30
1905   22
1906   32
1907   34
1908   34
1909   28
1910   23
1911   38
1912   35
1913   33
1914   21
1915   27
1916   29
1917   32
1918   35
1919   50
1920   31
1921   31
1922   50
1923   44
1924   52
1925   41
1926   53
1927   71
1928   105
1929   131
1930   199
1931   255
1932   370
1933   533
1934   738
1935   954
1936   1227
1937   1511
1938   1694
1939   1777
1940   1705
1941   1476
1942   1234
1943   871
1944   649
1945   479
1946   325
1947   225
1948   126
1949   93
1950   93
1951   76
1952   74
1953   75
1954   83
1955   81
1956   73
1957   81
1958   95
1959   73
1960   96
1961   116
1962   99
1963   120
1964   133
1965   128
1966   138
1967   122
1968   158
1969   148
1970   151
1971   158
1972   163
1973   162
1974   200
1975   223
1976   211
1977   238
1978   261
1979   255
1980   313
1981   307
1982   401
1983   443
1984   504
1985   617
1986   781
1987   1133
1988   1463
1989   2363
1990   4137
1991   7473
1992   13507
1993   22787
1994   35136
1995   49993
1996   64681
1997   74660
1998   75341
1999   66702
2000   51106
2001   34175
2002   20508
2003   10511
2004   4809
2005   1924
2006   704
2007   220
2008   96
2009   62
2010   41
2011   29
2012   31
2013   21
2014   22
2015   15
2016   10
2017   13
2018   17
2019   12
2020   8
2021   10
2022   19
2023   11
2024   13
2025   7
2026   6
2027   7
2028   5
2029   4
2030   4
2031   2
2032   8
2033   3
2034   5
2035   8
2036   7
2037   8
2038   4
2039   7
2040   7
2041   11
2042   6
2043   8
2044   10
2045   9
2046   3
2047   6
2048   11
2049   5
2050   4
2051   5
2052   2
2053   3
2054   6
2055   3
2056   2
2057   4
2058   3
2059   4
2060   3
2061   1
2062   4
2063   3
2064   6
2065   3
2066   2
2067   0
2068   1
2069   3
2070   1
2071   1
2072   2
2073   0
2074   2
2075   4
2076   1
2077   2
2078   1
2079   1
2080   3
2081   0
2082   0
2083   0
2084   2
2085   1
2086   0
2087   0
2088   1
2089   0
2090   0
2091   0
2092   1
2093   3
2094   0
2095   1
2096   0
2097   1
2098   1
2099   1
2100   0
2101   0
2102   0
2103   0
2104   1
2105   0
2106   0
2107   0
2108   0
2109   0
2110   0
2111   0
2112   0
2113   0
2114   0
2115   0
2116   0
2117   0
2118   0
2119   0
2120   0
2121   0
2122   0
2123   0
2124   0
2125   0
2126   0
2127   0
2128   0
2129   0
2130   0
2131   0
2132   0
2133   0
2134   0
2135   0
2136   0
2137   0
2138   0
2139   0
2140   0
2141   0
2142   0
2143   0
2144   0
2145   0
2146   0
2147   0
2148   0
2149   0
2150   0
2151   0
2152   0
2153   0
2154   0
2155   0
2156   0
2157   0
2158   0
2159   0
2160   0
2161   0
2162   0
2163   0
2164   0
2165   0
2166   0
2167   0
2168   0
2169   0
2170   0
2171   0
2172   0
2173   0
2174   0
2175   0
2176   0
2177   0
2178   0
2179   0
2180   0
2181   0
2182   0
2183   0
2184   0
2185   0
2186   0
2187   0
2188   0
2189   0
2190   0
2191   0
2192   0
2193   0
2194   0
2195   0
2196   0
2197   0
2198   0
2199   0
2200   0
2201   0
2202   0
2203   0
2204   0
2205   0
2206   0
2207   0
2208   0
2209   0
2210   0
2211   0
2212   0
2213   0
2214   0
2215   0
2216   0
2217   0
2218   0
2219   0
2220   0
2221   0
2222   0
2223   0
2224   0
2225   0
2226   0
2227   0
2228   0
2229   0
2230   0
2231   0
2232   0
2233   0
2234   0
2235   0
2236   0
2237   0
2238   0
2239   0
2240   0
2241   0
2242   0
2243   0
2244   0
2245   0
2246   0
2247   0
2248   0
2249   0
2250   0
2251   0
2252   0
2253   0
2254   0
2255   0
2256   0
2257   0
2258   0
2259   0
2260   0
2261   0
2262   0
2263   0
2264   0
2265   0
2266   0
2267   0
2268   0
2269   0
2270   0
2271   0
2272   0
2273   0
2274   0
2275   0
2276   0
2277   0
2278   0
2279   0
2280   0
2281   0
2282   0
2283   0
2284   0
2285   0
2286   0
2287   0
2288   0
2289   0
2290   0
2291   0
2292   0
2293   0
2294   0
2295   0
2296   0
2297   0
2298   0
2299   0
2300   0
2301   0
2302   0
2303   0
2304   0
2305   0
2306   0
2307   0
2308   0
2309   0
2310   0
2311   0
2312   0
2313   0
2314   0
2315   0
2316   0
2317   0
2318   0
2319   0
2320   0
2321   0
2322   0
2323   0
2324   0
2325   0
2326   0
2327   0
2328   0
2329   0
2330   0
2331   0
2332   0
2333   0
2334   0
2335   0
2336   0
2337   0
2338   0
2339   0
2340   0
2341   0
2342   0
2343   0
2344   0
2345   0
2346   0
2347   0
2348   0
2349   0
2350   0
2351   0
2352   0
2353   0
2354   0
2355   0
2356   0
2357   0
2358   0
2359   0
2360   0
2361   0
2362   0
2363   0
2364   0
2365   0
2366   0
2367   0
2368   0
2369   0
2370   0
2371   0
2372   0
2373   0
2374   0
2375   0
2376   0
2377   0
2378   0
2379   0
2380   0
2381   0
2382   0
2383   0
2384   0
2385   0
2386   0
2387   0
2388   0
2389   0
2390   0
2391   0
2392   0
2393   0
2394   0
2395   0
2396   0
2397   0
2398   0
2399   0
2400   0
2401   0
2402   0
2403   0
2404   0
2405   0
2406   0
2407   0
2408   0
2409   0
2410   0
2411   0
2412   0
2413   0
2414   0
2415   0
2416   0
2417   0
2418   0
2419   0
2420   0
2421   0
2422   0
2423   0
2424   0
2425   0
2426   0
2427   0
2428   0
2429   0
2430   0
2431   0
2432   0
2433   0
2434   0
2435   0
2436   0
2437   0
2438   0
2439   0
2440   0
2441   0
2442   0
2443   0
2444   0
2445   0
2446   0
2447   0
2448   0
2449   0
2450   0
2451   0
2452   0
2453   0
2454   0
2455   0
2456   0
2457   0
2458   0
2459   0
2460   0
2461   0
2462   0
2463   0
2464   0
2465   0
2466   0
2467   0
2468   0
2469   0
2470   0
2471   0
2472   0
2473   0
2474   0
2475   0
2476   0
2477   0
2478   0
2479   0
2480   0
2481   0
2482   0
2483   0
2484   0
2485   0
2486   0
2487   0
2488   0
2489   0
2490   0
2491   0
2492   0
2493   0
2494   0
2495   0
2496   0
2497   0
2498   0
2499   0
2500   0
2501   0
2502   0
2503   0
2504   0
2505   0
2506   0
2507   0
2508   0
2509   0
2510   0
2511   0
2512   0
2513   0
2514   0
2515   0
2516   0
2517   0
2518   0
2519   0
2520   0
2521   0
2522   0
2523   0
2524   0
2525   0
2526   0
2527   0
2528   0
2529   0
2530   0
2531   0
2532   0
2533   0
2534   0
2535   0
2536   0
2537   0
2538   0
2539   0
2540   0
2541   0
2542   0
2543   0
2544   0
2545   0
2546   0
2547   0
2548   0
2549   0
2550   0
2551   0
2552   0
2553   0
2554   0
2555   0
2556   0
2557   0
2558   0
2559   0
2560   0
2561   0
2562   0
2563   0
2564   0
2565   0
2566   0
2567   0
2568   0
2569   0
2570   0
2571   0
2572   0
2573   0
2574   0
2575   0
2576   0
2577   0
2578   0
2579   0
2580   0
2581   0
2582   0
2583   0
2584   0
2585   0
2586   0
2587   0
2588   0
2589   0
2590   0
2591   0
2592   0
2593   0
2594   0
2595   0
2596   0
2597   0
2598   0
2599   0
2600   0
2601   0
2602   0
2603   0
2604   0
2605   0
2606   0
2607   0
2608   0
2609   0
2610   0
2611   0
2612   0
2613   0
2614   0
2615   0
2616   0
2617   0
2618   0
2619   0
2620   0
2621   0
2622   0
2623   0
2624   0
2625   0
2626   0
2627   0
2628   0
2629   0
2630   0
2631   0
2632   0
2633   0
2634   0
2635   0
2636   0
2637   0
2638   0
2639   0
2640   0
2641   0
2642   0
2643   0
2644   0
2645   0
2646   0
2647   0
2648   0
2649   0
2650   0
2651   0
2652   0
2653   0
2654   0
2655   0
2656   0
2657   0
2658   0
2659   0
2660   0
2661   0
2662   0
2663   0
2664   0
2665   0
2666   0
2667   0
2668   0
2669   0
2670   0
2671   0
2672   0
2673   0
2674   0
2675   0
2676   0
2677   0
2678   0
2679   0
2680   0
2681   0
2682   0
2683   0
2684   0
2685   0
2686   0
2687   0
2688   0
2689   0
2690   0
2691   0
2692   0
2693   0
2694   0
2695   0
2696   0
2697   0
2698   0
2699   0
2700   0
2701   0
2702   0
2703   0
2704   0
2705   0
2706   0
2707   0
2708   0
2709   0
2710   0
2711   0
2712   0
2713   0
2714   0
2715   0
2716   0
2717   0
2718   0
2719   0
2720   0
2721   0
2722   0
2723   0
2724   0
2725   0
2726   0
2727   0
2728   0
2729   0
2730   0
2731   0
2732   0
2733   0
2734   0
2735   0
2736   0
2737   0
2738   0
2739   0
2740   0
2741   0
2742   0
2743   0
2744   0
2745   0
2746   0
2747   0
2748   0
2749   0
2750   0
2751   0
2752   0
2753   0
2754   0
2755   0
2756   0
2757   0
2758   0
2759   0
2760   0
2761   0
2762   0
2763   0
2764   0
2765   0
2766   0
2767   0
2768   0
2769   0
2770   0
2771   0
2772   0
2773   0
2774   0
2775   0
2776   0
2777   0
2778   0
2779   0
2780   0
2781   0
2782   0
2783   0
2784   0
2785   0
2786   0
2787   0
2788   0
2789   0
2790   0
2791   0
2792   0
2793   0
2794   0
2795   0
2796   0
2797   0
2798   0
2799   0
2800   0
2801   0
2802   0
2803   0
2804   0
2805   0
2806   0
2807   0
2808   0
2809   0
2810   0
2811   0
2812   0
2813   0
2814   0
2815   0
2816   0
2817   0
2818   0
2819   0
2820   0
2821   0
2822   0
2823   0
2824   0
2825   0
2826   0
2827   0
2828   0
2829   0
2830   0
2831   0
2832   0
2833   0
2834   0
2835   0
2836   0
2837   0
2838   0
2839   0
2840   0
2841   0
2842   0
2843   0
2844   0
2845   0
2846   0
2847   0
2848   0
2849   0
2850   0
2851   0
2852   0
2853   0
2854   0
2855   0
2856   0
2857   0
2858   0
2859   0
2860   0
2861   0
2862   0
2863   0
2864   0
2865   0
2866   0
2867   0
2868   0
2869   0
2870   0
2871   0
2872   0
2873   0
2874   0
2875   0
2876   0
2877   0
2878   0
2879   0
2880   0
2881   0
2882   0
2883   0
2884   0
2885   0
2886   0
2887   0
2888   0
2889   0
2890   0
2891   0
2892   0
2893   0
2894   0
2895   0
2896   0
2897   0
2898   0
2899   0
2900   0
2901   0
2902   0
2903   0
2904   0
2905   0
2906   0
2907   0
2908   0
2909   0
2910   0
2911   0
2912   0
2913   0
2914   0
2915   0
2916   0
2917   0
2918   0
2919   0
2920   0
2921   0
2922   0
2923   0
2924   0
2925   0
2926   0
2927   0
2928   0
2929   0
2930   0
2931   0
2932   0
2933   0
2934   0
2935   0
2936   0
2937   0
2938   0
2939   0
2940   0
2941   0
2942   0
2943   0
2944   0
2945   0
2946   0
2947   0
2948   0
2949   0
2950   0
2951   0
2952   0
2953   0
2954   0
2955   0
2956   0
2957   0
2958   0
2959   0
2960   0
2961   0
2962   0
2963   0
2964   0
2965   0
2966   0
2967   0
2968   0
2969   0
2970   0
2971   0
2972   0
2973   0
2974   0
2975   0
2976   0
2977   0
2978   0
2979   0
2980   0
2981   0
2982   0
2983   0
2984   0
2985   0
2986   0
2987   0
2988   0
2989   0
2990   0
2991   0
2992   0
2993   0
2994   0
2995   0
2996   0
2997   0
2998   0
2999   0
3000   0
3001   0
3002   0
3003   0
3004   0
3005   0
3006   0
3007   0
3008   0
3009   0
3010   0
3011   0
3012   0
3013   0
3014   0
3015   0
3016   0
3017   0
3018   0
3019   0
3020   0
3021   0
3022   0
3023   0
3024   0
3025   0
3026   0
3027   0
3028   0
3029   0
3030   0
3031   0
3032   0
3033   0
3034   0
3035   0
3036   0
3037   0
3038   0
3039   0
3040   0
3041   0
3042   0
3043   0
3044   0
3045   0
3046   0
3047   0
3048   0
3049   0
3050   0
3051   0
3052   0
3053   0
3054   0
3055   0
3056   0
3057   0
3058   0
3059   0
3060   0
3061   0
3062   0
3063   0
3064   0
3065   0
3066   0
3067   0
3068   0
3069   0
3070   0
3071   0
3072   0
3073   0
3074   0
3075   0
3076   0
3077   0
3078   0
3079   0
3080   0
3081   0
3082   0
3083   0
3084   0
3085   0
3086   0
3087   0
3088   0
3089   0
3090   0
3091   0
3092   0
3093   0
3094   0
3095   0
3096   0
3097   0
3098   0
3099   0
3100   0
3101   0
3102   0
3103   0
3104   0
3105   0
3106   0
3107   0
3108   0
3109   0
3110   0
3111   0
3112   0
3113   0
3114   0
3115   0
3116   0
3117   0
3118   0
3119   0
3120   0
3121   0
3122   0
3123   0
3124   0
3125   0
3126   0
3127   0
3128   0
3129   0
3130   0
3131   0
3132   0
3133   0
3134   0
3135   0
3136   0
3137   0
3138   0
3139   0
3140   0
3141   0
3142   0
3143   0
3144   0
3145   0
3146   0
3147   0
3148   0
3149   0
3150   0
3151   0
3152   0
3153   0
3154   0
3155   0
3156   0
3157   0
3158   0
3159   0
3160   0
3161   0
3162   0
3163   0
3164   0
3165   0
3166   0
3167   0
3168   0
3169   0
3170   0
3171   0
3172   0
3173   0
3174   0
3175   0
3176   0
3177   0
3178   0
3179   0
3180   0
3181   0
3182   0
3183   0
3184   0
3185   0
3186   0
3187   0
3188   0
3189   0
3190   0
3191   0
3192   0
3193   0
3194   0
3195   0
3196   0
3197   0
3198   0
3199   0
3200   0
3201   0
3202   0
3203   0
3204   0
3205   0
3206   0
3207   0
3208   0
3209   0
3210   0
3211   0
3212   0
3213   0
3214   0
3215   0
3216   0
3217   0
3218   0
3219   0
3220   0
3221   0
3222   0
3223   0
3224   0
3225   0
3226   0
3227   0
3228   0
3229   0
3230   0
3231   0
3232   0
3233   0
3234   0
3235   0
3236   0
3237   0
3238   0
3239   0
3240   0
3241   0
3242   0
3243   0
3244   0
3245   0
3246   0
3247   0
3248   0
3249   0
3250   0
3251   0
3252   0
3253   0
3254   0
3255   0
3256   0
3257   0
3258   0
3259   0
3260   0
3261   0
3262   0
3263   0
3264   0
3265   0
3266   0
3267   0
3268   0
3269   0
3270   0
3271   0
3272   0
3273   0
3274   0
3275   0
3276   0
3277   0
3278   0
3279   0
3280   0
3281   0
3282   0
3283   0
3284   0
3285   0
3286   0
3287   0
3288   0
3289   0
3290   0
3291   0
3292   0
3293   0
3294   0
3295   0
3296   0
3297   0
3298   0
3299   0
3300   0
3301   0
3302   0
3303   0
3304   0
3305   0
3306   0
3307   0
3308   0
3309   0
3310   0
3311   0
3312   0
3313   0
3314   0
3315   0
3316   0
3317   0
3318   0
3319   0
3320   0
3321   0
3322   0
3323   0
3324   0
3325   0
3326   0
3327   0
3328   0
3329   0
3330   0
3331   0
3332   0
3333   0
3334   0
3335   0
3336   0
3337   0
3338   0
3339   0
3340   0
3341   0
3342   0
3343   0
3344   0
3345   0
3346   0
3347   0
3348   0
3349   0
3350   0
3351   0
3352   0
3353   0
3354   0
3355   0
3356   0
3357   0
3358   0
3359   0
3360   0
3361   0
3362   0
3363   0
3364   0
3365   0
3366   0
3367   0
3368   0
3369   0
3370   0
3371   0
3372   0
3373   0
3374   0
3375   0
3376   0
3377   0
3378   0
3379   0
3380   0
3381   0
3382   0
3383   0
3384   0
3385   0
3386   0
3387   0
3388   0
3389   0
3390   0
3391   0
3392   0
3393   0
3394   0
3395   0
3396   0
3397   0
3398   0
3399   0
3400   0
3401   0
3402   0
3403   0
3404   0
3405   0
3406   0
3407   0
3408   0
3409   0
3410   0
3411   0
3412   0
3413   0
3414   0
3415   0
3416   0
3417   0
3418   0
3419   0
3420   0
3421   0
3422   0
3423   0
3424   0
3425   0
3426   0
3427   0
3428   0
3429   0
3430   0
3431   0
3432   0
3433   0
3434   0
3435   0
3436   0
3437   0
3438   0
3439   0
3440   0
3441   0
3442   0
3443   0
3444   0
3445   0
3446   0
3447   0
3448   0
3449   0
3450   0
3451   0
3452   0
3453   0
3454   0
3455   0
3456   0
3457   0
3458   0
3459   0
3460   0
3461   0
3462   0
3463   0
3464   0
3465   0
3466   0
3467   0
3468   0
3469   0
3470   0
3471   0
3472   0
3473   0
3474   0
3475   0
3476   0
3477   0
3478   0
3479   0
3480   0
3481   0
3482   0
3483   0
3484   0
3485   0
3486   0
3487   0
3488   0
3489   0
3490   0
3491   0
3492   0
3493   0
3494   0
3495   0
3496   0
3497   0
3498   0
3499   0
3500   0
3501   0
3502   0
3503   0
3504   0
3505   0
3506   0
3507   0
3508   0
3509   0
3510   0
3511   0
3512   0
3513   0
3514   0
3515   0
3516   0
3517   0
3518   0
3519   0
3520   0
3521   0
3522   0
3523   0
3524   0
3525   0
3526   0
3527   0
3528   0
3529   0
3530   0
3531   0
3532   0
3533   0
3534   0
3535   0
3536   0
3537   0
3538   0
3539   0
3540   0
3541   0
3542   0
3543   0
3544   0
3545   0
3546   0
3547   0
3548   0
3549   0
3550   0
3551   0
3552   0
3553   0
3554   0
3555   0
3556   0
3557   0
3558   0
3559   0
3560   0
3561   0
3562   0
3563   0
3564   0
3565   0
3566   0
3567   0
3568   0
3569   0
3570   0
3571   0
3572   0
3573   0
3574   0
3575   0
3576   0
3577   0
3578   0
3579   0
3580   0
3581   0
3582   0
3583   0
3584   0
3585   0
3586   0
3587   0
3588   0
3589   0
3590   0
3591   0
3592   0
3593   0
3594   0
3595   0
3596   0
3597   0
3598   0
3599   0
3600   0
3601   0
3602   0
3603   0
3604   0
3605   0
3606   0
3607   0
3608   0
3609   0
3610   0
3611   0
3612   0
3613   0
3614   0
3615   0
3616   0
3617   0
3618   0
3619   0
3620   0
3621   0
3622   0
3623   0
3624   0
3625   0
3626   0
3627   0
3628   0
3629   0
3630   0
3631   0
3632   0
3633   0
3634   0
3635   0
3636   0
3637   0
3638   0
3639   0
3640   0
3641   0
3642   0
3643   0
3644   0
3645   0
3646   0
3647   0
3648   0
3649   0
3650   0
3651   0
3652   0
3653   0
3654   0
3655   0
3656   0
3657   0
3658   0
3659   0
3660   0
3661   0
3662   0
3663   0
3664   0
3665   0
3666   0
3667   0
3668   0
3669   0
3670   0
3671   0
3672   0
3673   0
3674   0
3675   0
3676   0
3677   0
3678   0
3679   0
3680   0
3681   0
3682   0
3683   0
3684   0
3685   0
3686   0
3687   0
3688   0
3689   0
3690   0
3691   0
3692   0
3693   0
3694   0
3695   0
3696   0
3697   0
3698   0
3699   0
3700   0
3701   0
3702   0
3703   0
3704   0
3705   0
3706   0
3707   0
3708   0
3709   0
3710   0
3711   0
3712   0
3713   0
3714   0
3715   0
3716   0
3717   0
3718   0
3719   0
3720   0
3721   0
3722   0
3723   0
3724   0
3725   0
3726   0
3727   0
3728   0
3729   0
3730   0
3731   0
3732   0
3733   0
3734   0
3735   0
3736   0
3737   0
3738   0
3739   0
3740   0
3741   0
3742   0
3743   0
3744   0
3745   0
3746   0
3747   0
3748   0
3749   0
3750   0
3751   0
3752   0
3753   0
3754   0
3755   0
3756   0
3757   0
3758   0
3759   0
3760   0
3761   0
3762   0
3763   0
3764   0
3765   0
3766   0
3767   0
3768   0
3769   0
3770   0
3771   0
3772   0
3773   0
3774   0
3775   0
3776   0
3777   0
3778   0
3779   0
3780   0
3781   0
3782   0
3783   0
3784   0
3785   0
3786   0
3787   0
3788   0
3789   0
3790   0
3791   0
3792   0
3793   0
3794   0
3795   0
3796   0
3797   0
3798   0
3799   0
3800   0
3801   0
3802   0
3803   0
3804   0
3805   0
3806   0
3807   0
3808   0
3809   0
3810   0
3811   0
3812   0
3813   0
3814   0
3815   0
3816   0
3817   0
3818   0
3819   0
3820   0
3821   0
3822   0
3823   0
3824   0
3825   0
3826   0
3827   0
3828   0
3829   0
3830   0
3831   0
3832   0
3833   0
3834   0
3835   0
3836   0
3837   0
3838   0
3839   0
3840   0
3841   0
3842   0
3843   0
3844   0
3845   0
3846   0
3847   0
3848   0
3849   0
3850   0
3851   0
3852   0
3853   0
3854   0
3855   0
3856   0
3857   0
3858   0
3859   0
3860   0
3861   0
3862   0
3863   0
3864   0
3865   0
3866   0
3867   0
3868   0
3869   0
3870   0
3871   0
3872   0
3873   0
3874   0
3875   0
3876   0
3877   0
3878   0
3879   0
3880   0
3881   0
3882   0
3883   0
3884   0
3885   0
3886   0
3887   0
3888   0
3889   0
3890   0
3891   0
3892   0
3893   0
3894   0
3895   0
3896   0
3897   0
3898   0
3899   0
3900   0
3901   0
3902   0
3903   0
3904   0
3905   0
3906   0
3907   0
3908   0
3909   0
3910   0
3911   0
3912   0
3913   0
3914   0
3915   0
3916   0
3917   0
3918   0
3919   0
3920   0
3921   0
3922   0
3923   0
3924   0
3925   0
3926   0
3927   0
3928   0
3929   0
3930   0
3931   0
3932   0
3933   0
3934   0
3935   0
3936   0
3937   0
3938   0
3939   0
3940   0
3941   0
3942   0
3943   0
3944   0
3945   0
3946   0
3947   0
3948   0
3949   0
3950   0
3951   0
3952   0
3953   0
3954   0
3955   0
3956   0
3957   0
3958   0
3959   0
3960   0
3961   0
3962   0
3963   0
3964   0
3965   0
3966   0
3967   0
3968   0
3969   0
3970   0
3971   0
3972   0
3973   0
3974   0
3975   0
3976   0
3977   0
3978   0
3979   0
3980   0
3981   0
3982   0
3983   0
3984   0
3985   0
3986   0
3987   0
3988   0
3989   0
3990   0
3991   0
3992   0
3993   0
3994   0
3995   0
3996   0
3997   0
3998   0
3999   0
4000   0
4001   0
4002   0
4003   0
4004   0
4005   0
4006   0
4007   0
4008   0
4009   0
4010   0
4011   0
4012   0
4013   0
4014   0
4015   0
4016   0
4017   0
4018   0
4019   0
4020   0
4021   0
4022   0
4023   0
4024   0
4025   0
4026   0
4027   0
4028   0
4029   0
4030   0
4031   0
4032   0
4033   0
4034   0
4035   0
4036   0
4037   0
4038   0
4039   0
4040   0
4041   0
4042   0
4043   0
4044   0
4045   0
4046   0
4047   0
4048   0
4049   0
4050   0
4051   0
4052   0
4053   0
4054   0
4055   0
4056   0
4057   0
4058   0
4059   0
4060   0
4061   0
4062   0
4063   0
4064   0
4065   0
4066   0
4067   0
4068   0
4069   0
4070   0
4071   0
4072   0
4073   0
4074   0
4075   0
4076   0
4077   0
4078   0
4079   0
4080   0
4081   0
4082   0
4083   0
4084   0
4085   0
4086   0
4087   0
4088   0
4089   0
4090   0
4091   0
4092   0
4093   0
4094   0
4095   0
