0   0
1   0
2   0
3   0
4   0
5   0
6   0
7   0
8   0
9   0
10   0
11   0
12   0
13   0
14   0
15   0
16   0
17   0
18   0
19   0
20   0
21   0
22   0
23   0
24   0
25   0
26   0
27   0
28   0
29   0
30   0
31   0
32   0
33   0
34   0
35   0
36   0
37   0
38   0
39   0
40   0
41   0
42   0
43   0
44   0
45   0
46   0
47   0
48   0
49   0
50   0
51   0
52   0
53   0
54   0
55   0
56   0
57   0
58   0
59   0
60   0
61   0
62   0
63   0
64   0
65   0
66   0
67   0
68   0
69   0
70   0
71   0
72   0
73   0
74   0
75   0
76   0
77   0
78   0
79   0
80   0
81   0
82   0
83   0
84   0
85   0
86   0
87   0
88   0
89   0
90   0
91   0
92   0
93   0
94   0
95   0
96   0
97   0
98   0
99   0
100   7
101   2148
102   13560
103   6109
104   157
105   0
106   0
107   0
108   0
109   0
110   0
111   0
112   0
113   0
114   0
115   0
116   0
117   0
118   0
119   0
120   0
121   0
122   0
123   0
124   0
125   0
126   0
127   0
128   0
129   0
130   0
131   0
132   0
133   0
134   0
135   0
136   0
137   0
138   0
139   0
140   0
141   0
142   0
143   0
144   0
145   0
146   0
147   0
148   0
149   0
150   0
151   0
152   0
153   0
154   0
155   0
156   0
157   0
158   0
159   0
160   0
161   0
162   0
163   0
164   0
165   0
166   0
167   0
168   0
169   0
170   0
171   0
172   0
173   0
174   0
175   0
176   0
177   0
178   0
179   0
180   0
181   0
182   0
183   0
184   0
185   0
186   0
187   0
188   0
189   0
190   0
191   0
192   0
193   0
194   0
195   0
196   0
197   0
198   0
199   0
200   0
201   0
202   0
203   0
204   0
205   0
206   0
207   0
208   0
209   0
210   0
211   0
212   0
213   0
214   0
215   0
216   0
217   0
218   0
219   0
220   0
221   0
222   0
223   0
224   0
225   0
226   0
227   0
228   0
229   0
230   0
231   0
232   0
233   0
234   0
235   0
236   0
237   0
238   0
239   0
240   0
241   0
242   0
243   0
244   0
245   0
246   0
247   0
248   0
249   0
250   0
251   0
252   0
253   0
254   0
255   0
256   0
257   0
258   0
259   0
260   0
261   0
262   0
263   0
264   0
265   0
266   0
267   0
268   0
269   0
270   0
271   0
272   0
273   0
274   0
275   0
276   0
277   0
278   0
279   0
280   0
281   0
282   0
283   0
284   0
285   0
286   0
287   0
288   0
289   0
290   0
291   0
292   0
293   0
294   0
295   0
296   0
297   0
298   0
299   0
300   0
301   0
302   0
303   0
304   0
305   0
306   0
307   0
308   0
309   0
310   0
311   0
312   0
313   0
314   0
315   0
316   0
317   0
318   0
319   0
320   0
321   0
322   1
323   0
324   0
325   0
326   0
327   0
328   0
329   0
330   0
331   0
332   0
333   0
334   0
335   0
336   0
337   0
338   0
339   0
340   0
341   0
342   0
343   0
344   0
345   0
346   0
347   0
348   0
349   0
350   1
351   0
352   0
353   0
354   0
355   0
356   0
357   0
358   0
359   0
360   0
361   0
362   0
363   0
364   0
365   0
366   0
367   0
368   0
369   0
370   0
371   1
372   0
373   0
374   0
375   0
376   1
377   0
378   0
379   0
380   0
381   0
382   0
383   0
384   0
385   0
386   0
387   0
388   0
389   0
390   0
391   0
392   0
393   0
394   0
395   0
396   0
397   0
398   0
399   0
400   0
401   0
402   0
403   0
404   0
405   0
406   0
407   0
408   0
409   0
410   0
411   0
412   0
413   0
414   0
415   0
416   0
417   0
418   0
419   0
420   0
421   0
422   0
423   0
424   0
425   0
426   0
427   0
428   0
429   0
430   0
431   0
432   0
433   0
434   0
435   0
436   0
437   0
438   0
439   0
440   0
441   0
442   0
443   0
444   0
445   0
446   0
447   0
448   0
449   0
450   0
451   0
452   0
453   0
454   0
455   0
456   0
457   0
458   0
459   0
460   0
461   0
462   0
463   0
464   0
465   0
466   0
467   0
468   0
469   0
470   0
471   0
472   0
473   0
474   0
475   0
476   0
477   0
478   0
479   0
480   0
481   0
482   0
483   0
484   0
485   0
486   0
487   0
488   0
489   0
490   0
491   0
492   0
493   0
494   0
495   0
496   0
497   0
498   0
499   0
500   0
501   0
502   0
503   0
504   0
505   0
506   0
507   0
508   0
509   0
510   0
511   0
512   0
513   0
514   0
515   0
516   0
517   0
518   0
519   0
520   0
521   0
522   0
523   0
524   0
525   0
526   0
527   0
528   0
529   0
530   0
531   0
532   0
533   0
534   0
535   0
536   0
537   0
538   0
539   0
540   0
541   0
542   0
543   0
544   0
545   0
546   0
547   0
548   0
549   0
550   0
551   0
552   0
553   0
554   0
555   0
556   0
557   0
558   0
559   1
560   0
561   0
562   0
563   0
564   0
565   0
566   0
567   2
568   0
569   0
570   0
571   2
572   1
573   0
574   0
575   0
576   0
577   0
578   0
579   1
580   0
581   0
582   0
583   0
584   0
585   0
586   0
587   0
588   1
589   0
590   0
591   0
592   0
593   2
594   0
595   1
596   0
597   0
598   0
599   0
600   0
601   0
602   1
603   1
604   2
605   0
606   3
607   6
608   4
609   3
610   4
611   3
612   5
613   2
614   2
615   4
616   0
617   0
618   0
619   0
620   0
621   0
622   0
623   0
624   0
625   1
626   1
627   1
628   0
629   0
630   3
631   1
632   1
633   2
634   3
635   0
636   0
637   0
638   2
639   3
640   2
641   0
642   1
643   0
644   0
645   3
646   2
647   1
648   1
649   1
650   2
651   3
652   3
653   1
654   4
655   2
656   2
657   5
658   4
659   7
660   7
661   2
662   10
663   9
664   5
665   2
666   2
667   3
668   5
669   5
670   5
671   4
672   4
673   4
674   10
675   4
676   7
677   16
678   9
679   6
680   13
681   9
682   12
683   9
684   10
685   16
686   16
687   22
688   23
689   18
690   20
691   29
692   30
693   22
694   28
695   22
696   24
697   16
698   12
699   14
700   15
701   8
702   5
703   2
704   7
705   5
706   1
707   1
708   1
709   3
710   2
711   2
712   2
713   3
714   6
715   2
716   4
717   4
718   0
719   2
720   3
721   2
722   3
723   1
724   1
725   2
726   4
727   2
728   4
729   3
730   1
731   2
732   1
733   4
734   2
735   1
736   4
737   0
738   5
739   5
740   5
741   1
742   1
743   3
744   5
745   7
746   4
747   6
748   0
749   3
750   3
751   4
752   3
753   0
754   6
755   4
756   4
757   4
758   7
759   8
760   4
761   3
762   4
763   3
764   3
765   2
766   4
767   10
768   7
769   7
770   3
771   7
772   3
773   2
774   7
775   5
776   11
777   8
778   11
779   6
780   13
781   10
782   7
783   10
784   4
785   5
786   11
787   8
788   11
789   9
790   13
791   14
792   15
793   13
794   13
795   20
796   16
797   21
798   19
799   28
800   30
801   37
802   28
803   35
804   40
805   45
806   39
807   25
808   32
809   35
810   43
811   45
812   38
813   46
814   49
815   36
816   43
817   62
818   46
819   57
820   42
821   53
822   65
823   56
824   67
825   63
826   66
827   66
828   58
829   70
830   57
831   50
832   59
833   51
834   52
835   45
836   36
837   44
838   31
839   28
840   36
841   32
842   29
843   24
844   23
845   19
846   24
847   26
848   16
849   20
850   16
851   17
852   13
853   14
854   19
855   18
856   22
857   20
858   28
859   30
860   24
861   21
862   27
863   34
864   27
865   27
866   19
867   20
868   14
869   14
870   12
871   6
872   2
873   5
874   3
875   5
876   8
877   5
878   5
879   2
880   4
881   2
882   3
883   0
884   2
885   2
886   6
887   6
888   1
889   2
890   1
891   3
892   3
893   5
894   2
895   2
896   2
897   4
898   1
899   1
900   2
901   3
902   1
903   2
904   3
905   0
906   0
907   2
908   0
909   1
910   2
911   1
912   1
913   1
914   0
915   4
916   1
917   2
918   0
919   0
920   0
921   1
922   1
923   2
924   1
925   0
926   1
927   2
928   0
929   0
930   0
931   2
932   0
933   2
934   1
935   0
936   1
937   1
938   0
939   0
940   1
941   2
942   2
943   0
944   1
945   3
946   1
947   2
948   1
949   5
950   1
951   2
952   4
953   4
954   3
955   2
956   1
957   5
958   0
959   2
960   4
961   0
962   2
963   0
964   0
965   0
966   2
967   0
968   2
969   0
970   1
971   1
972   3
973   1
974   1
975   2
976   3
977   6
978   2
979   4
980   7
981   3
982   3
983   4
984   9
985   6
986   9
987   9
988   8
989   6
990   11
991   6
992   7
993   1
994   2
995   3
996   3
997   1
998   1
999   3
1000   0
1001   1
1002   3
1003   3
1004   1
1005   5
1006   0
1007   0
1008   1
1009   0
1010   1
1011   1
1012   0
1013   0
1014   0
1015   1
1016   1
1017   0
1018   1
1019   0
1020   0
1021   1
1022   0
1023   0
1024   1
1025   2
1026   1
1027   0
1028   2
1029   0
1030   0
1031   1
1032   3
1033   3
1034   0
1035   2
1036   2
1037   2
1038   3
1039   2
1040   4
1041   4
1042   4
1043   2
1044   2
1045   3
1046   2
1047   2
1048   2
1049   2
1050   1
1051   2
1052   1
1053   2
1054   0
1055   0
1056   0
1057   0
1058   0
1059   2
1060   0
1061   0
1062   0
1063   1
1064   0
1065   0
1066   2
1067   0
1068   0
1069   1
1070   2
1071   2
1072   0
1073   0
1074   1
1075   0
1076   0
1077   2
1078   1
1079   2
1080   1
1081   3
1082   3
1083   1
1084   0
1085   4
1086   3
1087   5
1088   3
1089   3
1090   2
1091   1
1092   4
1093   1
1094   1
1095   2
1096   0
1097   3
1098   1
1099   3
1100   0
1101   1
1102   1
1103   0
1104   1
1105   0
1106   1
1107   0
1108   1
1109   2
1110   1
1111   2
1112   5
1113   0
1114   1
1115   1
1116   0
1117   1
1118   1
1119   1
1120   0
1121   6
1122   2
1123   3
1124   3
1125   0
1126   3
1127   0
1128   2
1129   2
1130   2
1131   0
1132   1
1133   0
1134   0
1135   2
1136   1
1137   1
1138   2
1139   0
1140   3
1141   3
1142   4
1143   3
1144   3
1145   3
1146   8
1147   3
1148   7
1149   12
1150   7
1151   13
1152   16
1153   8
1154   19
1155   12
1156   19
1157   19
1158   23
1159   10
1160   17
1161   18
1162   9
1163   10
1164   6
1165   4
1166   8
1167   3
1168   9
1169   5
1170   5
1171   1
1172   1
1173   9
1174   5
1175   2
1176   4
1177   6
1178   3
1179   3
1180   2
1181   1
1182   1
1183   2
1184   0
1185   3
1186   1
1187   1
1188   0
1189   0
1190   0
1191   1
1192   1
1193   1
1194   0
1195   0
1196   0
1197   1
1198   0
1199   2
1200   0
1201   0
1202   0
1203   0
1204   1
1205   0
1206   3
1207   0
1208   3
1209   4
1210   3
1211   1
1212   4
1213   4
1214   9
1215   8
1216   18
1217   24
1218   30
1219   28
1220   40
1221   43
1222   51
1223   61
1224   61
1225   64
1226   66
1227   49
1228   45
1229   53
1230   31
1231   35
1232   19
1233   29
1234   17
1235   24
1236   8
1237   13
1238   10
1239   4
1240   4
1241   5
1242   6
1243   7
1244   1
1245   0
1246   0
1247   0
1248   1
1249   0
1250   0
1251   0
1252   3
1253   1
1254   4
1255   4
1256   0
1257   4
1258   4
1259   4
1260   3
1261   8
1262   9
1263   10
1264   12
1265   8
1266   15
1267   15
1268   13
1269   12
1270   11
1271   12
1272   8
1273   10
1274   2
1275   1
1276   1
1277   4
1278   3
1279   2
1280   2
1281   2
1282   2
1283   0
1284   3
1285   1
1286   1
1287   5
1288   0
1289   1
1290   2
1291   4
1292   5
1293   9
1294   6
1295   9
1296   12
1297   18
1298   14
1299   14
1300   17
1301   27
1302   19
1303   31
1304   18
1305   22
1306   37
1307   24
1308   23
1309   22
1310   18
1311   13
1312   6
1313   9
1314   7
1315   5
1316   2
1317   1
1318   1
1319   1
1320   3
1321   0
1322   1
1323   0
1324   1
1325   2
1326   1
1327   1
1328   3
1329   0
1330   1
1331   1
1332   1
1333   4
1334   1
1335   1
1336   3
1337   11
1338   8
1339   9
1340   8
1341   12
1342   10
1343   11
1344   9
1345   8
1346   11
1347   9
1348   11
1349   4
1350   4
1351   7
1352   7
1353   2
1354   3
1355   3
1356   4
1357   2
1358   0
1359   3
1360   1
1361   3
1362   3
1363   1
1364   2
1365   3
1366   1
1367   6
1368   1
1369   1
1370   0
1371   3
1372   0
1373   1
1374   2
1375   2
1376   2
1377   2
1378   1
1379   4
1380   1
1381   1
1382   0
1383   3
1384   0
1385   3
1386   3
1387   3
1388   2
1389   5
1390   8
1391   9
1392   10
1393   5
1394   7
1395   11
1396   7
1397   12
1398   12
1399   10
1400   9
1401   6
1402   5
1403   5
1404   7
1405   4
1406   4
1407   2
1408   0
1409   2
1410   0
1411   2
1412   2
1413   3
1414   1
1415   0
1416   1
1417   2
1418   1
1419   0
1420   0
1421   0
1422   2
1423   1
1424   4
1425   1
1426   2
1427   1
1428   0
1429   1
1430   5
1431   4
1432   3
1433   5
1434   2
1435   4
1436   8
1437   3
1438   0
1439   10
1440   2
1441   2
1442   2
1443   2
1444   2
1445   1
1446   3
1447   4
1448   5
1449   3
1450   3
1451   2
1452   2
1453   1
1454   2
1455   1
1456   0
1457   1
1458   3
1459   2
1460   3
1461   1
1462   4
1463   3
1464   7
1465   3
1466   4
1467   5
1468   4
1469   4
1470   3
1471   2
1472   6
1473   5
1474   2
1475   1
1476   1
1477   4
1478   5
1479   5
1480   3
1481   1
1482   3
1483   2
1484   4
1485   3
1486   4
1487   2
1488   4
1489   3
1490   2
1491   5
1492   5
1493   3
1494   7
1495   3
1496   4
1497   5
1498   2
1499   2
1500   0
1501   3
1502   3
1503   0
1504   2
1505   0
1506   1
1507   1
1508   2
1509   5
1510   2
1511   1
1512   3
1513   0
1514   0
1515   3
1516   1
1517   2
1518   1
1519   2
1520   3
1521   1
1522   1
1523   1
1524   1
1525   0
1526   1
1527   2
1528   4
1529   4
1530   0
1531   3
1532   1
1533   3
1534   2
1535   3
1536   3
1537   1
1538   4
1539   4
1540   3
1541   2
1542   4
1543   3
1544   2
1545   2
1546   2
1547   5
1548   4
1549   5
1550   5
1551   3
1552   7
1553   9
1554   6
1555   9
1556   14
1557   9
1558   18
1559   24
1560   28
1561   38
1562   56
1563   68
1564   92
1565   128
1566   154
1567   187
1568   225
1569   256
1570   259
1571   286
1572   239
1573   233
1574   225
1575   163
1576   153
1577   114
1578   80
1579   60
1580   38
1581   28
1582   15
1583   18
1584   17
1585   6
1586   12
1587   7
1588   7
1589   3
1590   3
1591   3
1592   1
1593   4
1594   0
1595   3
1596   2
1597   2
1598   4
1599   1
1600   2
1601   1
1602   2
1603   2
1604   1
1605   2
1606   0
1607   0
1608   2
1609   0
1610   1
1611   1
1612   0
1613   1
1614   0
1615   1
1616   0
1617   0
1618   0
1619   1
1620   0
1621   1
1622   1
1623   1
1624   0
1625   1
1626   0
1627   1
1628   1
1629   0
1630   1
1631   1
1632   2
1633   1
1634   0
1635   1
1636   1
1637   2
1638   0
1639   0
1640   0
1641   1
1642   0
1643   1
1644   0
1645   0
1646   0
1647   0
1648   0
1649   0
1650   0
1651   0
1652   1
1653   1
1654   0
1655   1
1656   1
1657   1
1658   0
1659   0
1660   1
1661   0
1662   0
1663   1
1664   0
1665   1
1666   1
1667   0
1668   0
1669   0
1670   1
1671   1
1672   0
1673   2
1674   0
1675   2
1676   0
1677   1
1678   1
1679   1
1680   3
1681   0
1682   1
1683   1
1684   1
1685   1
1686   0
1687   1
1688   0
1689   3
1690   1
1691   0
1692   0
1693   0
1694   0
1695   3
1696   1
1697   1
1698   1
1699   0
1700   1
1701   1
1702   1
1703   1
1704   0
1705   1
1706   1
1707   1
1708   0
1709   0
1710   0
1711   0
1712   0
1713   1
1714   0
1715   1
1716   1
1717   0
1718   1
1719   1
1720   0
1721   0
1722   0
1723   1
1724   4
1725   1
1726   2
1727   1
1728   1
1729   5
1730   6
1731   6
1732   7
1733   13
1734   6
1735   16
1736   20
1737   24
1738   28
1739   33
1740   37
1741   34
1742   20
1743   38
1744   32
1745   34
1746   29
1747   22
1748   25
1749   22
1750   23
1751   12
1752   10
1753   15
1754   30
1755   23
1756   25
1757   33
1758   40
1759   47
1760   43
1761   45
1762   44
1763   37
1764   52
1765   21
1766   20
1767   16
1768   14
1769   9
1770   10
1771   10
1772   9
1773   5
1774   5
1775   4
1776   3
1777   3
1778   2
1779   6
1780   5
1781   7
1782   3
1783   3
1784   5
1785   4
1786   4
1787   3
1788   2
1789   0
1790   1
1791   4
1792   0
1793   0
1794   0
1795   3
1796   4
1797   3
1798   0
1799   1
1800   0
1801   0
1802   0
1803   1
1804   1
1805   1
1806   1
1807   3
1808   2
1809   2
1810   0
1811   0
1812   2
1813   3
1814   1
1815   2
1816   1
1817   3
1818   1
1819   7
1820   5
1821   4
1822   7
1823   10
1824   8
1825   17
1826   18
1827   20
1828   21
1829   27
1830   34
1831   34
1832   32
1833   33
1834   38
1835   36
1836   53
1837   60
1838   59
1839   56
1840   63
1841   53
1842   49
1843   54
1844   41
1845   45
1846   29
1847   22
1848   18
1849   11
1850   10
1851   4
1852   4
1853   4
1854   2
1855   3
1856   0
1857   0
1858   2
1859   3
1860   1
1861   0
1862   1
1863   1
1864   0
1865   0
1866   0
1867   1
1868   0
1869   2
1870   0
1871   1
1872   2
1873   2
1874   0
1875   1
1876   2
1877   2
1878   1
1879   0
1880   1
1881   3
1882   3
1883   3
1884   1
1885   0
1886   1
1887   0
1888   0
1889   1
1890   1
1891   1
1892   2
1893   1
1894   1
1895   1
1896   0
1897   1
1898   0
1899   0
1900   1
1901   0
1902   1
1903   2
1904   0
1905   0
1906   0
1907   1
1908   0
1909   0
1910   1
1911   0
1912   0
1913   0
1914   0
1915   0
1916   1
1917   1
1918   0
1919   0
1920   0
1921   0
1922   0
1923   1
1924   0
1925   0
1926   0
1927   0
1928   1
1929   0
1930   1
1931   0
1932   1
1933   0
1934   0
1935   1
1936   0
1937   0
1938   1
1939   1
1940   0
1941   1
1942   1
1943   0
1944   2
1945   0
1946   0
1947   0
1948   0
1949   0
1950   0
1951   2
1952   0
1953   0
1954   0
1955   0
1956   1
1957   1
1958   1
1959   1
1960   0
1961   1
1962   2
1963   0
1964   0
1965   0
1966   0
1967   0
1968   1
1969   0
1970   1
1971   2
1972   2
1973   1
1974   0
1975   0
1976   3
1977   4
1978   3
1979   2
1980   2
1981   2
1982   0
1983   0
1984   3
1985   1
1986   4
1987   5
1988   2
1989   2
1990   3
1991   5
1992   4
1993   5
1994   4
1995   1
1996   1
1997   2
1998   1
1999   2
2000   0
2001   1
2002   2
2003   1
2004   2
2005   0
2006   0
2007   1
2008   1
2009   0
2010   1
2011   1
2012   2
2013   1
2014   4
2015   0
2016   2
2017   2
2018   1
2019   3
2020   2
2021   1
2022   1
2023   0
2024   1
2025   1
2026   0
2027   1
2028   0
2029   0
2030   0
2031   0
2032   0
2033   0
2034   0
2035   0
2036   0
2037   0
2038   0
2039   1
2040   0
2041   1
2042   0
2043   1
2044   1
2045   1
2046   0
2047   1
2048   1
2049   0
2050   0
2051   0
2052   0
2053   0
2054   0
2055   1
2056   0
2057   0
2058   1
2059   2
2060   0
2061   0
2062   0
2063   1
2064   2
2065   0
2066   2
2067   1
2068   0
2069   0
2070   1
2071   4
2072   2
2073   0
2074   3
2075   2
2076   6
2077   8
2078   5
2079   9
2080   12
2081   9
2082   22
2083   24
2084   19
2085   28
2086   18
2087   32
2088   34
2089   28
2090   26
2091   34
2092   26
2093   18
2094   20
2095   11
2096   8
2097   9
2098   4
2099   3
2100   4
2101   4
2102   2
2103   2
2104   2
2105   1
2106   1
2107   0
2108   1
2109   3
2110   0
2111   0
2112   1
2113   0
2114   1
2115   0
2116   1
2117   0
2118   1
2119   1
2120   0
2121   0
2122   1
2123   0
2124   0
2125   1
2126   0
2127   0
2128   2
2129   0
2130   0
2131   0
2132   1
2133   1
2134   2
2135   2
2136   1
2137   1
2138   0
2139   2
2140   2
2141   0
2142   0
2143   0
2144   0
2145   0
2146   1
2147   1
2148   1
2149   1
2150   0
2151   2
2152   1
2153   0
2154   0
2155   0
2156   1
2157   0
2158   1
2159   0
2160   2
2161   0
2162   4
2163   4
2164   0
2165   2
2166   5
2167   2
2168   5
2169   1
2170   11
2171   4
2172   10
2173   2
2174   10
2175   18
2176   12
2177   18
2178   26
2179   36
2180   23
2181   35
2182   30
2183   27
2184   10
2185   31
2186   16
2187   21
2188   15
2189   12
2190   17
2191   13
2192   19
2193   16
2194   16
2195   19
2196   18
2197   22
2198   25
2199   27
2200   19
2201   23
2202   21
2203   18
2204   17
2205   19
2206   12
2207   7
2208   7
2209   1
2210   7
2211   3
2212   1
2213   2
2214   5
2215   3
2216   1
2217   3
2218   2
2219   2
2220   3
2221   1
2222   1
2223   0
2224   2
2225   1
2226   2
2227   2
2228   1
2229   2
2230   0
2231   1
2232   2
2233   1
2234   1
2235   5
2236   4
2237   2
2238   3
2239   2
2240   1
2241   4
2242   3
2243   1
2244   3
2245   2
2246   0
2247   2
2248   2
2249   1
2250   3
2251   0
2252   2
2253   2
2254   1
2255   2
2256   2
2257   2
2258   3
2259   1
2260   4
2261   1
2262   2
2263   1
2264   2
2265   2
2266   5
2267   2
2268   3
2269   5
2270   2
2271   4
2272   4
2273   6
2274   6
2275   3
2276   4
2277   3
2278   7
2279   5
2280   5
2281   4
2282   8
2283   4
2284   3
2285   8
2286   10
2287   6
2288   7
2289   11
2290   18
2291   15
2292   23
2293   29
2294   25
2295   26
2296   41
2297   55
2298   75
2299   94
2300   117
2301   149
2302   181
2303   248
2304   319
2305   421
2306   601
2307   772
2308   979
2309   1271
2310   1622
2311   1905
2312   2307
2313   2712
2314   2961
2315   3213
2316   3349
2317   3266
2318   3074
2319   2771
2320   2295
2321   1781
2322   1324
2323   945
2324   645
2325   454
2326   250
2327   166
2328   89
2329   98
2330   81
2331   35
2332   49
2333   40
2334   29
2335   13
2336   23
2337   13
2338   16
2339   14
2340   14
2341   10
2342   10
2343   6
2344   6
2345   2
2346   3
2347   1
2348   7
2349   2
2350   0
2351   3
2352   1
2353   0
2354   1
2355   0
2356   1
2357   1
2358   2
2359   0
2360   1
2361   0
2362   1
2363   1
2364   2
2365   1
2366   1
2367   0
2368   1
2369   0
2370   2
2371   1
2372   1
2373   1
2374   2
2375   1
2376   0
2377   3
2378   2
2379   2
2380   5
2381   5
2382   4
2383   7
2384   5
2385   9
2386   12
2387   10
2388   11
2389   17
2390   18
2391   18
2392   23
2393   25
2394   32
2395   22
2396   33
2397   33
2398   16
2399   26
2400   13
2401   9
2402   8
2403   8
2404   4
2405   1
2406   3
2407   2
2408   4
2409   0
2410   0
2411   1
2412   1
2413   0
2414   0
2415   1
2416   1
2417   0
2418   0
2419   2
2420   0
2421   1
2422   0
2423   0
2424   1
2425   2
2426   1
2427   0
2428   0
2429   2
2430   1
2431   1
2432   0
2433   0
2434   0
2435   1
2436   0
2437   1
2438   1
2439   1
2440   0
2441   1
2442   0
2443   0
2444   0
2445   0
2446   0
2447   0
2448   0
2449   0
2450   0
2451   0
2452   0
2453   0
2454   0
2455   0
2456   0
2457   0
2458   0
2459   0
2460   0
2461   0
2462   0
2463   0
2464   0
2465   0
2466   1
2467   0
2468   0
2469   0
2470   0
2471   0
2472   0
2473   0
2474   0
2475   0
2476   0
2477   0
2478   0
2479   0
2480   1
2481   0
2482   1
2483   0
2484   1
2485   0
2486   0
2487   0
2488   0
2489   0
2490   0
2491   1
2492   1
2493   0
2494   0
2495   0
2496   0
2497   0
2498   0
2499   0
2500   1
2501   0
2502   0
2503   0
2504   1
2505   0
2506   1
2507   1
2508   0
2509   0
2510   0
2511   0
2512   0
2513   0
2514   0
2515   1
2516   1
2517   0
2518   1
2519   0
2520   0
2521   0
2522   0
2523   0
2524   0
2525   0
2526   0
2527   0
2528   0
2529   0
2530   0
2531   1
2532   0
2533   1
2534   1
2535   1
2536   0
2537   0
2538   1
2539   2
2540   3
2541   1
2542   2
2543   0
2544   3
2545   4
2546   4
2547   5
2548   6
2549   10
2550   8
2551   16
2552   21
2553   26
2554   26
2555   33
2556   55
2557   46
2558   57
2559   92
2560   88
2561   83
2562   80
2563   75
2564   66
2565   60
2566   54
2567   58
2568   41
2569   41
2570   17
2571   17
2572   9
2573   9
2574   4
2575   3
2576   8
2577   3
2578   1
2579   6
2580   2
2581   3
2582   0
2583   1
2584   1
2585   0
2586   0
2587   1
2588   0
2589   0
2590   0
2591   1
2592   1
2593   0
2594   0
2595   1
2596   0
2597   0
2598   1
2599   1
2600   0
2601   0
2602   2
2603   0
2604   0
2605   0
2606   0
2607   1
2608   0
2609   1
2610   1
2611   0
2612   1
2613   6
2614   1
2615   5
2616   0
2617   3
2618   8
2619   4
2620   15
2621   13
2622   18
2623   13
2624   18
2625   27
2626   27
2627   25
2628   20
2629   25
2630   17
2631   21
2632   7
2633   10
2634   4
2635   3
2636   2
2637   5
2638   2
2639   0
2640   1
2641   0
2642   0
2643   0
2644   0
2645   1
2646   0
2647   0
2648   0
2649   1
2650   0
2651   1
2652   0
2653   0
2654   1
2655   0
2656   0
2657   0
2658   0
2659   0
2660   1
2661   0
2662   0
2663   0
2664   0
2665   0
2666   0
2667   1
2668   0
2669   0
2670   2
2671   2
2672   2
2673   1
2674   4
2675   1
2676   2
2677   4
2678   2
2679   2
2680   2
2681   1
2682   0
2683   0
2684   0
2685   0
2686   2
2687   0
2688   0
2689   0
2690   0
2691   0
2692   0
2693   0
2694   0
2695   0
2696   2
2697   0
2698   1
2699   3
2700   2
2701   1
2702   3
2703   4
2704   3
2705   6
2706   3
2707   10
2708   11
2709   10
2710   10
2711   5
2712   13
2713   13
2714   10
2715   10
2716   6
2717   5
2718   2
2719   7
2720   2
2721   1
2722   1
2723   0
2724   2
2725   0
2726   1
2727   0
2728   4
2729   2
2730   2
2731   1
2732   1
2733   0
2734   0
2735   0
2736   2
2737   0
2738   1
2739   2
2740   1
2741   3
2742   1
2743   2
2744   2
2745   0
2746   1
2747   3
2748   1
2749   2
2750   0
2751   1
2752   0
2753   0
2754   0
2755   1
2756   0
2757   0
2758   1
2759   0
2760   0
2761   0
2762   0
2763   0
2764   0
2765   0
2766   0
2767   2
2768   0
2769   2
2770   0
2771   0
2772   2
2773   0
2774   1
2775   3
2776   4
2777   1
2778   3
2779   3
2780   1
2781   3
2782   2
2783   8
2784   6
2785   1
2786   3
2787   1
2788   2
2789   3
2790   6
2791   1
2792   4
2793   0
2794   1
2795   0
2796   1
2797   0
2798   0
2799   0
2800   0
2801   0
2802   0
2803   0
2804   0
2805   0
2806   0
2807   0
2808   0
2809   0
2810   0
2811   0
2812   0
2813   1
2814   0
2815   0
2816   1
2817   2
2818   0
2819   0
2820   0
2821   0
2822   0
2823   0
2824   1
2825   0
2826   0
2827   0
2828   0
2829   0
2830   0
2831   0
2832   0
2833   0
2834   0
2835   0
2836   1
2837   0
2838   1
2839   0
2840   1
2841   0
2842   0
2843   0
2844   0
2845   0
2846   1
2847   0
2848   0
2849   0
2850   0
2851   0
2852   0
2853   1
2854   0
2855   0
2856   0
2857   0
2858   0
2859   0
2860   0
2861   0
2862   0
2863   0
2864   0
2865   0
2866   0
2867   0
2868   0
2869   2
2870   0
2871   0
2872   0
2873   0
2874   1
2875   0
2876   0
2877   0
2878   0
2879   1
2880   0
2881   1
2882   0
2883   0
2884   0
2885   0
2886   0
2887   0
2888   0
2889   0
2890   0
2891   0
2892   0
2893   0
2894   0
2895   0
2896   0
2897   1
2898   0
2899   0
2900   0
2901   1
2902   1
2903   0
2904   1
2905   2
2906   1
2907   0
2908   0
2909   0
2910   0
2911   2
2912   1
2913   0
2914   0
2915   0
2916   0
2917   0
2918   0
2919   0
2920   0
2921   1
2922   1
2923   1
2924   2
2925   1
2926   3
2927   1
2928   0
2929   1
2930   2
2931   4
2932   7
2933   7
2934   7
2935   14
2936   11
2937   17
2938   9
2939   14
2940   19
2941   21
2942   30
2943   31
2944   29
2945   22
2946   21
2947   19
2948   12
2949   19
2950   8
2951   9
2952   6
2953   8
2954   4
2955   3
2956   3
2957   2
2958   2
2959   4
2960   1
2961   0
2962   2
2963   0
2964   1
2965   1
2966   0
2967   0
2968   0
2969   1
2970   1
2971   0
2972   1
2973   0
2974   0
2975   0
2976   1
2977   0
2978   0
2979   0
2980   0
2981   0
2982   0
2983   0
2984   0
2985   0
2986   0
2987   0
2988   0
2989   0
2990   0
2991   0
2992   0
2993   0
2994   0
2995   0
2996   0
2997   0
2998   0
2999   0
3000   0
3001   0
3002   0
3003   0
3004   1
3005   0
3006   1
3007   1
3008   0
3009   0
3010   0
3011   1
3012   0
3013   0
3014   0
3015   1
3016   0
3017   0
3018   0
3019   1
3020   1
3021   0
3022   0
3023   0
3024   0
3025   0
3026   1
3027   0
3028   0
3029   0
3030   0
3031   0
3032   0
3033   0
3034   0
3035   0
3036   0
3037   0
3038   0
3039   0
3040   0
3041   1
3042   0
3043   0
3044   1
3045   0
3046   0
3047   1
3048   1
3049   0
3050   0
3051   0
3052   0
3053   1
3054   0
3055   0
3056   0
3057   0
3058   0
3059   0
3060   0
3061   0
3062   0
3063   0
3064   2
3065   0
3066   0
3067   2
3068   1
3069   0
3070   0
3071   0
3072   1
3073   0
3074   0
3075   0
3076   0
3077   0
3078   1
3079   0
3080   1
3081   1
3082   0
3083   0
3084   0
3085   1
3086   0
3087   1
3088   1
3089   0
3090   0
3091   0
3092   0
3093   1
3094   1
3095   0
3096   0
3097   0
3098   0
3099   0
3100   0
3101   0
3102   0
3103   0
3104   2
3105   0
3106   0
3107   0
3108   1
3109   0
3110   0
3111   0
3112   1
3113   0
3114   0
3115   0
3116   0
3117   3
3118   1
3119   1
3120   0
3121   0
3122   0
3123   0
3124   1
3125   0
3126   0
3127   0
3128   0
3129   0
3130   0
3131   0
3132   0
3133   1
3134   0
3135   0
3136   0
3137   0
3138   0
3139   0
3140   0
3141   0
3142   0
3143   0
3144   0
3145   0
3146   0
3147   0
3148   0
3149   0
3150   1
3151   0
3152   0
3153   0
3154   0
3155   0
3156   0
3157   0
3158   1
3159   0
3160   0
3161   1
3162   1
3163   0
3164   0
3165   0
3166   0
3167   0
3168   0
3169   0
3170   0
3171   0
3172   0
3173   0
3174   0
3175   0
3176   0
3177   0
3178   0
3179   0
3180   1
3181   0
3182   0
3183   1
3184   0
3185   1
3186   1
3187   1
3188   1
3189   1
3190   0
3191   0
3192   0
3193   0
3194   0
3195   0
3196   0
3197   1
3198   0
3199   2
3200   0
3201   0
3202   0
3203   1
3204   1
3205   1
3206   0
3207   0
3208   0
3209   0
3210   1
3211   1
3212   0
3213   0
3214   0
3215   1
3216   1
3217   0
3218   0
3219   0
3220   0
3221   0
3222   0
3223   0
3224   1
3225   0
3226   0
3227   1
3228   0
3229   0
3230   0
3231   1
3232   0
3233   1
3234   1
3235   1
3236   0
3237   1
3238   2
3239   1
3240   0
3241   0
3242   0
3243   0
3244   0
3245   0
3246   0
3247   0
3248   0
3249   1
3250   0
3251   0
3252   1
3253   0
3254   0
3255   0
3256   0
3257   0
3258   0
3259   0
3260   0
3261   2
3262   0
3263   0
3264   1
3265   1
3266   0
3267   0
3268   0
3269   0
3270   1
3271   0
3272   2
3273   0
3274   1
3275   0
3276   2
3277   0
3278   2
3279   2
3280   2
3281   5
3282   1
3283   3
3284   4
3285   10
3286   8
3287   6
3288   6
3289   13
3290   8
3291   11
3292   11
3293   7
3294   9
3295   6
3296   5
3297   5
3298   2
3299   2
3300   1
3301   1
3302   1
3303   0
3304   0
3305   0
3306   1
3307   0
3308   0
3309   0
3310   0
3311   0
3312   0
3313   0
3314   0
3315   0
3316   0
3317   1
3318   0
3319   0
3320   0
3321   0
3322   0
3323   0
3324   0
3325   0
3326   0
3327   0
3328   0
3329   0
3330   0
3331   0
3332   0
3333   0
3334   0
3335   0
3336   0
3337   0
3338   0
3339   0
3340   1
3341   0
3342   1
3343   0
3344   0
3345   0
3346   0
3347   0
3348   0
3349   0
3350   0
3351   0
3352   0
3353   0
3354   0
3355   1
3356   1
3357   1
3358   0
3359   0
3360   1
3361   0
3362   0
3363   0
3364   1
3365   0
3366   0
3367   0
3368   1
3369   0
3370   2
3371   2
3372   0
3373   0
3374   0
3375   1
3376   1
3377   1
3378   0
3379   0
3380   0
3381   0
3382   1
3383   0
3384   0
3385   1
3386   0
3387   1
3388   0
3389   0
3390   1
3391   0
3392   0
3393   0
3394   0
3395   0
3396   0
3397   0
3398   0
3399   0
3400   0
3401   0
3402   0
3403   0
3404   0
3405   0
3406   0
3407   0
3408   0
3409   1
3410   0
3411   0
3412   1
3413   0
3414   0
3415   0
3416   0
3417   0
3418   0
3419   0
3420   0
3421   0
3422   0
3423   0
3424   0
3425   0
3426   0
3427   0
3428   0
3429   0
3430   0
3431   0
3432   0
3433   0
3434   0
3435   0
3436   0
3437   0
3438   0
3439   0
3440   0
3441   0
3442   1
3443   0
3444   0
3445   0
3446   0
3447   0
3448   0
3449   1
3450   0
3451   0
3452   0
3453   0
3454   2
3455   0
3456   0
3457   0
3458   0
3459   0
3460   0
3461   1
3462   0
3463   0
3464   0
3465   0
3466   0
3467   0
3468   0
3469   0
3470   0
3471   0
3472   0
3473   0
3474   0
3475   0
3476   0
3477   1
3478   1
3479   0
3480   0
3481   0
3482   0
3483   0
3484   0
3485   0
3486   0
3487   0
3488   0
3489   1
3490   0
3491   0
3492   0
3493   0
3494   0
3495   0
3496   0
3497   0
3498   0
3499   0
3500   0
3501   0
3502   1
3503   1
3504   1
3505   0
3506   0
3507   0
3508   1
3509   0
3510   0
3511   2
3512   1
3513   0
3514   0
3515   1
3516   1
3517   0
3518   1
3519   0
3520   0
3521   0
3522   0
3523   1
3524   1
3525   0
3526   0
3527   0
3528   0
3529   0
3530   1
3531   0
3532   0
3533   0
3534   0
3535   0
3536   0
3537   1
3538   0
3539   0
3540   0
3541   1
3542   2
3543   1
3544   0
3545   1
3546   4
3547   2
3548   5
3549   3
3550   8
3551   2
3552   9
3553   8
3554   10
3555   14
3556   17
3557   9
3558   14
3559   24
3560   20
3561   15
3562   24
3563   22
3564   20
3565   14
3566   15
3567   9
3568   9
3569   8
3570   3
3571   9
3572   3
3573   3
3574   3
3575   1
3576   1
3577   0
3578   1
3579   0
3580   0
3581   1
3582   0
3583   0
3584   1
3585   0
3586   2
3587   1
3588   0
3589   2
3590   0
3591   1
3592   0
3593   0
3594   0
3595   0
3596   1
3597   1
3598   1
3599   2
3600   0
3601   0
3602   0
3603   0
3604   0
3605   0
3606   0
3607   0
3608   0
3609   0
3610   0
3611   0
3612   1
3613   0
3614   0
3615   0
3616   0
3617   0
3618   0
3619   0
3620   0
3621   1
3622   0
3623   1
3624   0
3625   1
3626   0
3627   0
3628   0
3629   0
3630   0
3631   1
3632   0
3633   0
3634   0
3635   0
3636   0
3637   0
3638   0
3639   0
3640   1
3641   0
3642   0
3643   1
3644   0
3645   0
3646   0
3647   1
3648   0
3649   0
3650   1
3651   1
3652   0
3653   0
3654   1
3655   0
3656   0
3657   0
3658   1
3659   0
3660   0
3661   1
3662   1
3663   0
3664   1
3665   2
3666   0
3667   1
3668   0
3669   0
3670   1
3671   1
3672   0
3673   0
3674   0
3675   0
3676   0
3677   0
3678   0
3679   0
3680   0
3681   0
3682   0
3683   0
3684   0
3685   0
3686   0
3687   0
3688   0
3689   0
3690   1
3691   0
3692   0
3693   0
3694   0
3695   1
3696   0
3697   0
3698   0
3699   0
3700   0
3701   1
3702   0
3703   0
3704   0
3705   0
3706   0
3707   1
3708   0
3709   0
3710   0
3711   1
3712   1
3713   1
3714   0
3715   1
3716   0
3717   0
3718   0
3719   0
3720   0
3721   0
3722   0
3723   0
3724   0
3725   1
3726   0
3727   0
3728   0
3729   0
3730   0
3731   1
3732   0
3733   0
3734   0
3735   0
3736   0
3737   2
3738   1
3739   0
3740   0
3741   0
3742   0
3743   0
3744   0
3745   0
3746   0
3747   0
3748   0
3749   0
3750   0
3751   0
3752   0
3753   0
3754   0
3755   0
3756   0
3757   0
3758   0
3759   0
3760   0
3761   0
3762   0
3763   0
3764   0
3765   0
3766   2
3767   1
3768   0
3769   1
3770   0
3771   0
3772   0
3773   0
3774   0
3775   0
3776   1
3777   2
3778   0
3779   0
3780   0
3781   1
3782   0
3783   0
3784   1
3785   0
3786   0
3787   0
3788   0
3789   0
3790   0
3791   1
3792   0
3793   0
3794   0
3795   0
3796   1
3797   0
3798   0
3799   0
3800   1
3801   0
3802   0
3803   0
3804   0
3805   0
3806   1
3807   0
3808   0
3809   0
3810   0
3811   0
3812   0
3813   0
3814   0
3815   0
3816   0
3817   0
3818   0
3819   0
3820   0
3821   0
3822   0
3823   0
3824   0
3825   0
3826   0
3827   0
3828   0
3829   0
3830   0
3831   0
3832   0
3833   0
3834   0
3835   0
3836   0
3837   1
3838   0
3839   0
3840   0
3841   0
3842   1
3843   0
3844   0
3845   0
3846   0
3847   1
3848   0
3849   0
3850   0
3851   0
3852   0
3853   1
3854   0
3855   0
3856   2
3857   0
3858   1
3859   0
3860   0
3861   0
3862   0
3863   0
3864   0
3865   0
3866   1
3867   0
3868   0
3869   0
3870   0
3871   2
3872   1
3873   0
3874   0
3875   2
3876   0
3877   1
3878   2
3879   1
3880   0
3881   0
3882   0
3883   0
3884   1
3885   0
3886   1
3887   0
3888   0
3889   0
3890   0
3891   0
3892   0
3893   0
3894   0
3895   0
3896   0
3897   0
3898   0
3899   0
3900   0
3901   1
3902   0
3903   2
3904   0
3905   1
3906   1
3907   1
3908   1
3909   0
3910   0
3911   1
3912   4
3913   2
3914   3
3915   4
3916   8
3917   2
3918   9
3919   10
3920   5
3921   1
3922   5
3923   2
3924   1
3925   2
3926   0
3927   1
3928   0
3929   1
3930   1
3931   0
3932   0
3933   1
3934   0
3935   1
3936   1
3937   2
3938   0
3939   0
3940   1
3941   0
3942   2
3943   0
3944   0
3945   2
3946   2
3947   0
3948   0
3949   0
3950   0
3951   0
3952   1
3953   0
3954   0
3955   0
3956   0
3957   0
3958   0
3959   0
3960   1
3961   2
3962   0
3963   0
3964   0
3965   2
3966   0
3967   2
3968   2
3969   0
3970   0
3971   0
3972   0
3973   0
3974   2
3975   0
3976   0
3977   0
3978   1
3979   0
3980   1
3981   0
3982   0
3983   1
3984   1
3985   0
3986   0
3987   0
3988   1
3989   1
3990   3
3991   0
3992   1
3993   0
3994   0
3995   0
3996   0
3997   0
3998   1
3999   1
4000   0
4001   1
4002   0
4003   0
4004   0
4005   0
4006   0
4007   1
4008   0
4009   2
4010   0
4011   0
4012   2
4013   2
4014   3
4015   5
4016   3
4017   2
4018   0
4019   0
4020   0
4021   2
4022   1
4023   1
4024   0
4025   0
4026   0
4027   0
4028   0
4029   0
4030   0
4031   0
4032   0
4033   0
4034   0
4035   0
4036   0
4037   0
4038   0
4039   0
4040   0
4041   0
4042   0
4043   0
4044   0
4045   0
4046   0
4047   0
4048   0
4049   0
4050   0
4051   0
4052   0
4053   0
4054   0
4055   0
4056   0
4057   0
4058   0
4059   0
4060   0
4061   0
4062   0
4063   0
4064   0
4065   0
4066   0
4067   0
4068   0
4069   0
4070   0
4071   0
4072   0
4073   0
4074   0
4075   0
4076   0
4077   1
4078   0
4079   0
4080   0
4081   0
4082   0
4083   0
4084   0
4085   0
4086   0
4087   0
4088   0
4089   0
4090   0
4091   0
4092   0
4093   0
4094   0
4095   126
